:
------------------------------------------------------------------------



Entrenamiento 0:
------------------------------------------------------------------------

Layer 0:
[[-0.        -0.         0.        ...  0.         0.        -0.       ]
 [-0.        -0.         0.        ... -0.        -0.         0.       ]
 [-0.         0.        -0.        ... -0.        -0.        -0.       ]
 ...
 [-0.        -0.        -0.        ... -0.        -0.         0.       ]
 [ 0.1589836 -0.        -0.        ...  0.         0.         0.       ]
 [ 0.         0.         0.        ... -0.         0.        -0.       ]]

Layer 1:
[[ 0.21090993  0.04137641 -0.0226849  -0.12534824  0.07363468 -0.1261758
   0.05549622 -0.06915075 -0.13949521 -0.02859306  0.20320135 -0.14223054
   0.11010852  0.12233645 -0.1515732   0.12631863  0.24128819 -0.22212964
   0.24294549 -0.18101142  0.04765809 -0.2394807  -0.06175578  0.21163163
  -0.23050326  0.09546357  0.20113087  0.1229502   0.02595589 -0.05756193
  -0.17956278  0.00701231  0.16056144 -0.10523124 -0.03468852 -0.22283272
   0.12533262  0.1770587   0.18615693 -0.05974521 -0.20641068 -0.05941863
  -0.1592134   0.22112522 -0.20355606 -0.09683183  0.22151408  0.07858965
  -0.19435385  0.10515839  0.21971318  0.20978668  0.23223564  0.11232969
   0.15035608 -0.21450414 -0.00830173 -0.04452227  0.23319674  0.00375138
   0.0541372   0.13900074 -0.05290356  0.04579031  0.19811279 -0.0683583
   0.13611457 -0.20700619 -0.11282502 -0.08128098 -0.04518451  0.17290285
  -0.1563916   0.03882802 -0.05390009 -0.09681115 -0.02339253 -0.17215735
   0.02228203  0.00448805  0.09313682 -0.10844697  0.11516199 -0.15867111
   0.20447782  0.18562284  0.2097421   0.18069175  0.06884742 -0.07928355
   0.11637697  0.13508451 -0.20549521  0.114485    0.10906538  0.17112082
  -0.18309115  0.17999455  0.17984113  0.04757762]]

Layer 2:
[0. 0. 0. 0. 0. 0. 0. 0. 0. 0. 0. 0. 0. 0. 0. 0. 0. 0. 0. 0. 0. 0. 0. 0.
 0. 0. 0. 0. 0. 0. 0. 0. 0. 0. 0. 0. 0. 0. 0. 0. 0. 0. 0. 0. 0. 0. 0. 0.
 0. 0. 0. 0. 0. 0. 0. 0. 0. 0. 0. 0. 0. 0. 0. 0. 0. 0. 0. 0. 0. 0. 0. 0.
 0. 0. 0. 0. 0. 0. 0. 0. 0. 0. 0. 0. 0. 0. 0. 0. 0. 0. 0. 0. 0. 0. 0. 0.
 0. 0. 0. 0.]

Layer 3:
[[ 3.68757308e-01]
 [ 2.97761989e+00]
 [-7.78414488e-01]
 [-1.23036176e-01]
 [ 8.27539265e-02]
 [-3.66429150e-01]
 [ 3.13682020e-01]
 [-5.57420492e-01]
 [-3.57596576e-01]
 [-5.39540708e-01]
 [-7.19426394e-01]
 [-1.50189757e-01]
 [ 4.04903561e-01]
 [-1.08724490e-01]
 [ 1.84785239e-02]
 [ 1.99906290e-01]
 [ 2.61522353e-01]
 [ 1.81354135e-02]
 [ 2.68013120e-01]
 [ 1.37948422e-02]
 [ 3.18790108e-01]
 [-1.30573750e-01]
 [-2.40632489e-01]
 [ 1.24942370e-01]
 [ 8.83448124e-02]
 [ 2.99867213e-01]
 [ 3.25712651e-01]
 [ 1.75867125e-01]
 [ 1.10711622e+00]
 [-9.40712214e-01]
 [-1.17060438e-01]
 [ 5.57483256e-01]
 [ 3.15963060e-01]
 [-1.24733567e-01]
 [-2.46346855e+00]
 [-2.00627395e-03]
 [-1.06658161e-01]
 [-4.21645105e-01]
 [-2.97275931e-01]
 [-2.58997154e+00]
 [-2.62011915e-01]
 [-2.56597996e+00]
 [-2.08464593e-01]
 [-8.91469568e-02]
 [ 2.03065380e-01]
 [-9.79057699e-02]
 [ 2.23702490e-01]
 [ 4.55920815e-01]
 [-1.71763137e-01]
 [ 3.41162145e-01]
 [-2.44908497e-01]
 [-4.26274212e-03]
 [ 1.37885422e-01]
 [-2.92501748e-02]
 [ 3.49039823e-01]
 [-1.40944511e-01]
 [ 2.82322884e-01]
 [-2.72746587e+00]
 [ 7.67310262e-02]
 [ 8.37055743e-02]
 [ 1.68707800e+00]
 [-1.27172187e-01]
 [-1.81827700e+00]
 [ 3.28721792e-01]
 [ 4.35759306e-01]
 [-3.67565155e-01]
 [ 2.91614026e-01]
 [ 9.68034416e-02]
 [-2.67139524e-01]
 [-1.32699323e+00]
 [-7.97667623e-01]
 [ 3.23053271e-01]
 [-4.52081263e-01]
 [ 2.26394248e+00]
 [-7.59837031e-01]
 [-1.57158709e+00]
 [-1.85293174e+00]
 [-4.68315691e-01]
 [ 2.14672160e+00]
 [ 5.77040672e-01]
 [ 5.76421916e-01]
 [-2.02841848e-01]
 [ 3.05610090e-01]
 [-1.33780614e-01]
 [ 1.95526004e-01]
 [-3.70767117e-01]
 [ 9.32887346e-02]
 [ 3.40790421e-01]
 [ 8.01659107e-01]
 [-3.17396820e-01]
 [ 4.45350170e-01]
 [ 9.65181440e-02]
 [-3.61862719e-01]
 [ 1.29403532e-01]
 [ 2.24757507e-01]
 [ 2.05011517e-01]
 [-3.33991051e-01]
 [ 1.81486905e-01]
 [ 1.46560103e-01]
 [ 1.69579506e+00]]

Layer 4:
[0.11175609]



Consenso 0:
------------------------------------------------------------------------

Layer 0:
[[ 0.0000000e+00  0.0000000e+00  0.0000000e+00 ...  0.0000000e+00
   1.2596940e-01  0.0000000e+00]
 [ 1.1119596e-02  0.0000000e+00 -7.7300690e-02 ...  0.0000000e+00
   0.0000000e+00 -2.5466856e-02]
 [-6.8850137e-02 -2.8901311e-02  0.0000000e+00 ... -4.3317489e-02
   6.2835403e-02  8.6221643e-02]
 ...
 [-4.7171507e-02  0.0000000e+00  0.0000000e+00 ...  0.0000000e+00
   5.9513482e-03 -9.1487383e-03]
 [ 1.7899893e-36 -8.5146658e-02 -2.4499198e-02 ...  0.0000000e+00
   0.0000000e+00  0.0000000e+00]
 [ 2.2908889e-02  2.6790034e-02  0.0000000e+00 ...  2.2318441e-02
  -1.2104519e-01  0.0000000e+00]]

Layer 1:
[[ 0.00064583 -0.01861708 -0.03666219  0.00928062 -0.05478794 -0.06528799
   0.03335992  0.02145567  0.02937338 -0.02075724 -0.05494631 -0.03220208
   0.04596144 -0.02724978 -0.04045607 -0.11704695 -0.03185935 -0.05587648
  -0.14690776 -0.02606251 -0.11035265 -0.0368814  -0.05794165  0.02056258
   0.08106801 -0.11283772 -0.0201096  -0.14658698 -0.0730104  -0.06491859
   0.0394833  -0.00463297 -0.04152845 -0.02228456  0.01856658 -0.04509058
   0.04379786  0.14709094  0.05991289 -0.04234445 -0.00973641  0.00339768
   0.07252678  0.03536883  0.04379962 -0.02044377 -0.1765238  -0.05758633
   0.02791723  0.03504628 -0.2065221   0.01241908  0.08572451 -0.05603988
  -0.07589025  0.12765758  0.09425823  0.01089754 -0.04826437  0.06325573
  -0.03596757 -0.11621081 -0.16401643 -0.06121937  0.00359766  0.04766364
   0.10608287 -0.03803707 -0.04540706  0.09102745  0.0137974   0.04399621
  -0.03888187 -0.00908919  0.04308454 -0.01950479  0.05203365 -0.06923696
   0.09550837 -0.09005343 -0.00374228 -0.03505327 -0.07183167  0.04615679
  -0.0900355  -0.08978112 -0.00739176  0.09702335 -0.06423413  0.03148258
   0.03948447  0.00986254 -0.01453283  0.04038033  0.03052769 -0.01163506
   0.05754639 -0.04335695  0.07870365 -0.00716898]]

Layer 2:
[0. 0. 0. 0. 0. 0. 0. 0. 0. 0. 0. 0. 0. 0. 0. 0. 0. 0. 0. 0. 0. 0. 0. 0.
 0. 0. 0. 0. 0. 0. 0. 0. 0. 0. 0. 0. 0. 0. 0. 0. 0. 0. 0. 0. 0. 0. 0. 0.
 0. 0. 0. 0. 0. 0. 0. 0. 0. 0. 0. 0. 0. 0. 0. 0. 0. 0. 0. 0. 0. 0. 0. 0.
 0. 0. 0. 0. 0. 0. 0. 0. 0. 0. 0. 0. 0. 0. 0. 0. 0. 0. 0. 0. 0. 0. 0. 0.
 0. 0. 0. 0.]

Layer 3:
[[ 0.22635263]
 [ 0.07161553]
 [-0.40990493]
 [-0.18963361]
 [-0.2848722 ]
 [ 0.03280458]
 [ 0.15922889]
 [-0.42593178]
 [-0.02615659]
 [-0.9948208 ]
 [-0.3223957 ]
 [ 0.8758114 ]
 [-0.92498136]
 [-1.1799629 ]
 [-1.1141105 ]
 [-1.0639553 ]
 [-0.07562525]
 [ 1.2277551 ]
 [-0.2293119 ]
 [-0.81842685]
 [-0.24021691]
 [-0.04587775]
 [-0.25722137]
 [-0.06506151]
 [ 0.35608318]
 [-0.37012535]
 [-0.07944404]
 [-0.10635268]
 [-0.8057489 ]
 [ 0.8333539 ]
 [-0.00779499]
 [-0.54792714]
 [-0.9694035 ]
 [-0.6154975 ]
 [ 0.18068156]
 [-0.29300237]
 [ 0.7741796 ]
 [-0.07740212]
 [ 0.9438555 ]
 [ 0.7605429 ]
 [ 0.0130149 ]
 [ 0.5863547 ]
 [ 0.14959721]
 [ 1.032116  ]
 [ 0.44460565]
 [ 0.10293081]
 [-0.17995118]
 [ 0.12851353]
 [-1.7564412 ]
 [ 0.9636152 ]
 [-0.18348846]
 [-0.02267964]
 [ 0.2629772 ]
 [-0.20417783]
 [-0.16218802]
 [ 0.27925843]
 [ 0.27189454]
 [ 0.32918435]
 [-0.347421  ]
 [ 1.0817379 ]
 [-0.08146538]
 [-1.5780429 ]
 [ 0.2658478 ]
 [-0.18846194]
 [-0.48303577]
 [-0.34360167]
 [ 0.5571831 ]
 [-0.16604678]
 [-0.1121647 ]
 [ 0.64184743]
 [-0.00420537]
 [ 1.5190043 ]
 [ 0.40943444]
 [-0.26442266]
 [-0.16662884]
 [-0.38183743]
 [-0.23476012]
 [ 0.59305304]
 [ 0.69542605]
 [-0.11862078]
 [-0.16085711]
 [-0.1706553 ]
 [-0.20219994]
 [-0.40431687]
 [-0.18322068]
 [-0.32329944]
 [ 0.4405375 ]
 [ 0.0819369 ]
 [-1.1714656 ]
 [-0.21386363]
 [-0.21374577]
 [ 0.4455113 ]
 [-0.22407566]
 [ 0.91462773]
 [-0.957979  ]
 [-0.3373514 ]
 [-0.21968937]
 [ 0.01894747]
 [-0.18599673]
 [-0.23236914]]

Layer 4:
[0.01604926]



Entrenamiento 1:
------------------------------------------------------------------------

Layer 0:
[[ 0.0000000e+00  0.0000000e+00  0.0000000e+00 ...  0.0000000e+00
   1.2596940e-01  0.0000000e+00]
 [ 1.1119596e-02  0.0000000e+00 -7.7300690e-02 ...  0.0000000e+00
   0.0000000e+00 -2.5466856e-02]
 [-6.8850137e-02 -2.8901311e-02  0.0000000e+00 ... -4.3317489e-02
   6.2835403e-02  8.6221643e-02]
 ...
 [-4.7171507e-02  0.0000000e+00  0.0000000e+00 ...  0.0000000e+00
   5.9513482e-03 -9.1487383e-03]
 [ 1.7899893e-36 -8.5146658e-02 -2.4499198e-02 ...  0.0000000e+00
   0.0000000e+00  0.0000000e+00]
 [ 2.2908889e-02  2.6790034e-02  0.0000000e+00 ...  2.2318441e-02
  -1.2104519e-01  0.0000000e+00]]

Layer 1:
[[ 0.00064583 -0.01861708 -0.03666219  0.00928062 -0.05478794 -0.06528799
   0.03335992  0.02145567  0.02937338 -0.02075724 -0.05494631 -0.03220208
   0.04596144 -0.02724978 -0.04045607 -0.11704695 -0.03185935 -0.05587648
  -0.14690776 -0.02606251 -0.11035265 -0.0368814  -0.05794165  0.02056258
   0.08106801 -0.11283772 -0.0201096  -0.14658698 -0.0730104  -0.06491859
   0.0394833  -0.00463297 -0.04152845 -0.02228456  0.01856658 -0.04509058
   0.04379786  0.14709094  0.05991289 -0.04234445 -0.00973641  0.00339768
   0.07252678  0.03536883  0.04379962 -0.02044377 -0.1765238  -0.05758633
   0.02791723  0.03504628 -0.2065221   0.01241908  0.08572451 -0.05603988
  -0.07589025  0.12765758  0.09425823  0.01089754 -0.04826437  0.06325573
  -0.03596757 -0.11621081 -0.16401643 -0.06121937  0.00359766  0.04766364
   0.10608287 -0.03803707 -0.04540706  0.09102745  0.0137974   0.04399621
  -0.03888187 -0.00908919  0.04308454 -0.01950479  0.05203365 -0.06923696
   0.09550837 -0.09005343 -0.00374228 -0.03505327 -0.07183167  0.04615679
  -0.0900355  -0.08978112 -0.00739176  0.09702335 -0.06423413  0.03148258
   0.03948447  0.00986254 -0.01453283  0.04038033  0.03052769 -0.01163506
   0.05754639 -0.04335695  0.07870365 -0.00716898]]

Layer 2:
[0. 0. 0. 0. 0. 0. 0. 0. 0. 0. 0. 0. 0. 0. 0. 0. 0. 0. 0. 0. 0. 0. 0. 0.
 0. 0. 0. 0. 0. 0. 0. 0. 0. 0. 0. 0. 0. 0. 0. 0. 0. 0. 0. 0. 0. 0. 0. 0.
 0. 0. 0. 0. 0. 0. 0. 0. 0. 0. 0. 0. 0. 0. 0. 0. 0. 0. 0. 0. 0. 0. 0. 0.
 0. 0. 0. 0. 0. 0. 0. 0. 0. 0. 0. 0. 0. 0. 0. 0. 0. 0. 0. 0. 0. 0. 0. 0.
 0. 0. 0. 0.]

Layer 3:
[[ 0.15120234]
 [-0.6430706 ]
 [-1.3106279 ]
 [ 1.3819398 ]
 [-0.28531885]
 [-0.09362777]
 [ 0.99855447]
 [ 0.0386253 ]
 [ 0.9284245 ]
 [-1.3288931 ]
 [-0.5583893 ]
 [-0.902322  ]
 [-0.62560415]
 [-2.726759  ]
 [-1.8652662 ]
 [-0.7612895 ]
 [-0.5018702 ]
 [ 1.2538352 ]
 [ 0.2599469 ]
 [-2.9082716 ]
 [ 0.0332732 ]
 [-0.7975512 ]
 [-0.4470794 ]
 [ 1.0647455 ]
 [ 0.12242399]
 [-0.16423556]
 [-0.22259657]
 [ 0.4145803 ]
 [-0.49521318]
 [ 1.0226197 ]
 [ 0.43045232]
 [-2.0412784 ]
 [-1.45012   ]
 [-2.7010717 ]
 [ 1.8951994 ]
 [-0.43293974]
 [ 1.7628514 ]
 [-0.14519279]
 [ 0.9794641 ]
 [ 0.2759062 ]
 [-0.65306073]
 [ 1.1670133 ]
 [ 0.00929448]
 [ 2.2441158 ]
 [ 1.4044199 ]
 [-0.9721162 ]
 [ 0.07360877]
 [-0.07325433]
 [-1.2884388 ]
 [ 2.4555519 ]
 [-0.2577112 ]
 [ 0.89789486]
 [ 0.07860948]
 [-0.4240066 ]
 [ 0.04672942]
 [ 0.14562234]
 [ 0.05575575]
 [ 0.75204486]
 [-1.2199084 ]
 [ 0.82391804]
 [-1.2636456 ]
 [-1.0986569 ]
 [ 0.20391802]
 [-0.11198918]
 [ 0.34582028]
 [-0.39111125]
 [ 0.19997282]
 [-1.8459836 ]
 [-0.43096167]
 [ 0.43761858]
 [ 1.3072091 ]
 [ 2.6994548 ]
 [ 0.25457978]
 [-1.0639052 ]
 [-0.25694546]
 [-1.2350576 ]
 [ 0.18443635]
 [ 0.7315066 ]
 [ 0.34722617]
 [ 0.1349032 ]
 [-0.88753766]
 [-0.50040805]
 [-0.13724312]
 [ 0.21914394]
 [-0.0055554 ]
 [ 0.07764933]
 [-0.34280294]
 [-0.15091202]
 [-1.1706427 ]
 [ 0.05908307]
 [ 0.6751011 ]
 [ 1.133384  ]
 [-0.98497593]
 [ 1.5516323 ]
 [-0.67956597]
 [-0.8990922 ]
 [-0.33634385]
 [-0.15353113]
 [-0.4510627 ]
 [-1.2317154 ]]

Layer 4:
[0.18753597]



Consenso 1:
------------------------------------------------------------------------

Layer 0:
[[ 0.          0.          0.         ...  0.          0.1259694
   0.        ]
 [ 0.0111196   0.         -0.07730069 ...  0.          0.
  -0.02546686]
 [-0.06885014 -0.02890131  0.         ... -0.04331749  0.0628354
   0.08622164]
 ...
 [-0.04717151  0.          0.         ...  0.          0.00595135
  -0.00914874]
 [ 0.         -0.08514666 -0.0244992  ...  0.          0.
   0.        ]
 [ 0.02290889  0.02679003  0.         ...  0.02231844 -0.12104519
   0.        ]]

Layer 1:
[[ 0.00064583 -0.01861708 -0.03666219  0.00928062 -0.05478794 -0.06528799
   0.03335992  0.02145567  0.02937338 -0.02075724 -0.05494631 -0.03220208
   0.04596144 -0.02724978 -0.04045607 -0.11704695 -0.03185935 -0.05587648
  -0.14690776 -0.02606251 -0.11035265 -0.0368814  -0.05794165  0.02056258
   0.08106801 -0.11283772 -0.0201096  -0.14658698 -0.0730104  -0.06491859
   0.0394833  -0.00463297 -0.04152845 -0.02228456  0.01856658 -0.04509058
   0.04379786  0.14709094  0.05991289 -0.04234445 -0.00973641  0.00339768
   0.07252678  0.03536883  0.04379962 -0.02044377 -0.1765238  -0.05758633
   0.02791723  0.03504628 -0.2065221   0.01241908  0.08572451 -0.05603988
  -0.07589025  0.12765758  0.09425823  0.01089754 -0.04826437  0.06325573
  -0.03596757 -0.11621081 -0.16401643 -0.06121937  0.00359766  0.04766364
   0.10608287 -0.03803707 -0.04540706  0.09102745  0.0137974   0.04399621
  -0.03888187 -0.00908919  0.04308454 -0.01950479  0.05203365 -0.06923696
   0.09550837 -0.09005343 -0.00374228 -0.03505327 -0.07183167  0.04615679
  -0.0900355  -0.08978112 -0.00739176  0.09702335 -0.06423413  0.03148258
   0.03948447  0.00986254 -0.01453283  0.04038033  0.03052769 -0.01163506
   0.05754639 -0.04335695  0.07870365 -0.00716898]]

Layer 2:
[0. 0. 0. 0. 0. 0. 0. 0. 0. 0. 0. 0. 0. 0. 0. 0. 0. 0. 0. 0. 0. 0. 0. 0.
 0. 0. 0. 0. 0. 0. 0. 0. 0. 0. 0. 0. 0. 0. 0. 0. 0. 0. 0. 0. 0. 0. 0. 0.
 0. 0. 0. 0. 0. 0. 0. 0. 0. 0. 0. 0. 0. 0. 0. 0. 0. 0. 0. 0. 0. 0. 0. 0.
 0. 0. 0. 0. 0. 0. 0. 0. 0. 0. 0. 0. 0. 0. 0. 0. 0. 0. 0. 0. 0. 0. 0. 0.
 0. 0. 0. 0.]

Layer 3:
[[-0.02699414]
 [-0.56314254]
 [-1.2957245 ]
 [ 1.8420506 ]
 [-0.37716267]
 [-0.16629837]
 [ 0.99226046]
 [-0.15463662]
 [ 1.065252  ]
 [-1.21519   ]
 [-0.26723236]
 [-1.6944654 ]
 [-0.5360624 ]
 [-3.0659404 ]
 [-1.8345054 ]
 [-0.7526001 ]
 [-0.53829354]
 [ 1.3110846 ]
 [ 0.22388452]
 [-3.5159175 ]
 [ 0.09990726]
 [-1.0874417 ]
 [-0.6085831 ]
 [ 1.7771591 ]
 [ 0.04079157]
 [-0.03293125]
 [-0.10685026]
 [ 0.3948903 ]
 [-0.59957135]
 [ 0.9968621 ]
 [ 0.603061  ]
 [-2.287901  ]
 [-1.7728478 ]
 [-3.4926527 ]
 [ 2.2497814 ]
 [-0.44501472]
 [ 1.6433886 ]
 [-0.42537212]
 [ 1.1681749 ]
 [ 0.6016595 ]
 [-1.2432188 ]
 [ 1.9804847 ]
 [ 0.27282298]
 [ 2.5379736 ]
 [ 1.3599725 ]
 [-1.2680018 ]
 [ 0.24353653]
 [-0.24511823]
 [-1.3114537 ]
 [ 2.4584439 ]
 [ 0.13534528]
 [ 1.7742323 ]
 [-0.017394  ]
 [-0.42660946]
 [-0.06426898]
 [-0.07225908]
 [-0.07417109]
 [ 0.9423988 ]
 [-1.3180981 ]
 [ 0.9497474 ]
 [-0.8873546 ]
 [-1.357388  ]
 [ 0.62733114]
 [-0.08576676]
 [ 1.1120794 ]
 [-0.45414189]
 [ 0.22195826]
 [-2.2789078 ]
 [-0.55257076]
 [ 0.2916418 ]
 [ 1.8143247 ]
 [ 3.2319107 ]
 [ 0.5074913 ]
 [-2.0165918 ]
 [-0.16302451]
 [-1.0318056 ]
 [ 0.36882412]
 [ 0.8290971 ]
 [ 0.38921243]
 [ 0.23380902]
 [-1.2914017 ]
 [-0.3749922 ]
 [-0.21664324]
 [ 0.42265436]
 [-0.1782712 ]
 [-0.07743423]
 [-0.93923974]
 [-0.29804775]
 [-1.3575664 ]
 [-0.03962343]
 [ 0.92323595]
 [ 1.3912389 ]
 [-1.5811603 ]
 [ 1.5919186 ]
 [-1.0145671 ]
 [-1.1760688 ]
 [-0.13673803]
 [-0.24581842]
 [-0.4504224 ]
 [-1.5732671 ]]

Layer 4:
[0.05316976]



Entrenamiento 2:
------------------------------------------------------------------------

Layer 0:
[[ 0.          0.          0.         ...  0.          0.1259694
   0.        ]
 [ 0.0111196   0.         -0.07730069 ...  0.          0.
  -0.02546686]
 [-0.06885014 -0.02890131  0.         ... -0.04331749  0.0628354
   0.08622164]
 ...
 [-0.04717151  0.          0.         ...  0.          0.00595135
  -0.00914874]
 [ 0.         -0.08514666 -0.0244992  ...  0.          0.
   0.        ]
 [ 0.02290889  0.02679003  0.         ...  0.02231844 -0.12104519
   0.        ]]

Layer 1:
[[ 0.00064583 -0.01861708 -0.03666219  0.00928062 -0.05478794 -0.06528799
   0.03335992  0.02145567  0.02937338 -0.02075724 -0.05494631 -0.03220208
   0.04596144 -0.02724978 -0.04045607 -0.11704695 -0.03185935 -0.05587648
  -0.14690776 -0.02606251 -0.11035265 -0.0368814  -0.05794165  0.02056258
   0.08106801 -0.11283772 -0.0201096  -0.14658698 -0.0730104  -0.06491859
   0.0394833  -0.00463297 -0.04152845 -0.02228456  0.01856658 -0.04509058
   0.04379786  0.14709094  0.05991289 -0.04234445 -0.00973641  0.00339768
   0.07252678  0.03536883  0.04379962 -0.02044377 -0.1765238  -0.05758633
   0.02791723  0.03504628 -0.2065221   0.01241908  0.08572451 -0.05603988
  -0.07589025  0.12765758  0.09425823  0.01089754 -0.04826437  0.06325573
  -0.03596757 -0.11621081 -0.16401643 -0.06121937  0.00359766  0.04766364
   0.10608287 -0.03803707 -0.04540706  0.09102745  0.0137974   0.04399621
  -0.03888187 -0.00908919  0.04308454 -0.01950479  0.05203365 -0.06923696
   0.09550837 -0.09005343 -0.00374228 -0.03505327 -0.07183167  0.04615679
  -0.0900355  -0.08978112 -0.00739176  0.09702335 -0.06423413  0.03148258
   0.03948447  0.00986254 -0.01453283  0.04038033  0.03052769 -0.01163506
   0.05754639 -0.04335695  0.07870365 -0.00716898]]

Layer 2:
[0. 0. 0. 0. 0. 0. 0. 0. 0. 0. 0. 0. 0. 0. 0. 0. 0. 0. 0. 0. 0. 0. 0. 0.
 0. 0. 0. 0. 0. 0. 0. 0. 0. 0. 0. 0. 0. 0. 0. 0. 0. 0. 0. 0. 0. 0. 0. 0.
 0. 0. 0. 0. 0. 0. 0. 0. 0. 0. 0. 0. 0. 0. 0. 0. 0. 0. 0. 0. 0. 0. 0. 0.
 0. 0. 0. 0. 0. 0. 0. 0. 0. 0. 0. 0. 0. 0. 0. 0. 0. 0. 0. 0. 0. 0. 0. 0.
 0. 0. 0. 0.]

Layer 3:
[[-1.89899504e-01]
 [-1.53034103e+00]
 [-1.49184275e+00]
 [ 2.37668157e+00]
 [-1.95790961e-01]
 [ 5.65557122e-01]
 [ 7.97852814e-01]
 [ 3.74839604e-01]
 [ 1.36493218e+00]
 [-1.51789272e+00]
 [-5.26324451e-01]
 [-2.01261973e+00]
 [-1.05283475e+00]
 [-3.22449303e+00]
 [-1.70595968e+00]
 [-9.74201977e-01]
 [-7.14981377e-01]
 [ 1.48750103e+00]
 [ 2.99643725e-01]
 [-4.25740576e+00]
 [-1.60118461e-01]
 [-1.04605091e+00]
 [-9.82335508e-02]
 [ 2.00537348e+00]
 [ 2.58278519e-01]
 [-4.29447353e-01]
 [-5.77323794e-01]
 [ 5.22434175e-01]
 [-4.18066978e-01]
 [ 1.48286283e+00]
 [ 2.56320447e-01]
 [-3.05017352e+00]
 [-1.30075836e+00]
 [-4.43582630e+00]
 [ 3.57584810e+00]
 [-1.45222574e-01]
 [ 1.29634309e+00]
 [ 1.76555052e-01]
 [ 3.30923647e-01]
 [ 3.03783149e-01]
 [-1.63336873e+00]
 [ 1.87567985e+00]
 [-1.03551674e+00]
 [ 2.62541342e+00]
 [ 1.50561261e+00]
 [-2.04036069e+00]
 [-1.16479382e-01]
 [ 1.12479818e+00]
 [-1.10186768e+00]
 [ 2.51962066e+00]
 [-5.53007722e-01]
 [ 1.95547128e+00]
 [ 1.01639576e-01]
 [-5.35492972e-02]
 [ 4.23089027e-01]
 [ 3.37971687e-01]
 [ 2.34602690e-01]
 [ 1.49770224e+00]
 [-9.31641042e-01]
 [ 5.50564885e-01]
 [-6.73778892e-01]
 [-9.90068138e-01]
 [-9.22586098e-02]
 [-3.11463028e-02]
 [ 1.47729039e+00]
 [-2.96055853e-01]
 [-3.00364988e-03]
 [-2.42308927e+00]
 [ 1.75070763e-01]
 [ 5.47723055e-01]
 [ 2.19431305e+00]
 [ 2.97787237e+00]
 [ 1.03596799e-01]
 [-2.56358361e+00]
 [-3.59324813e-01]
 [-1.56179047e+00]
 [-2.03134879e-01]
 [ 8.15046310e-01]
 [ 1.38894496e-02]
 [-4.65961099e-02]
 [-1.84391010e+00]
 [-5.81268668e-01]
 [ 6.87508881e-01]
 [ 1.91844050e-02]
 [ 5.39450705e-01]
 [ 4.20465320e-01]
 [-1.15357280e+00]
 [-1.94345519e-01]
 [-6.58008039e-01]
 [ 3.73857051e-01]
 [ 7.46487081e-01]
 [ 1.80980957e+00]
 [-2.26377106e+00]
 [ 1.18351674e+00]
 [-5.01611710e-01]
 [-1.77090144e+00]
 [-7.43830800e-01]
 [ 7.58146346e-02]
 [-6.37640953e-01]
 [-1.95206821e+00]]

Layer 4:
[-0.02358894]



Consenso 2:
------------------------------------------------------------------------

Layer 0:
[[ 0.          0.          0.         ...  0.          0.1259694
   0.        ]
 [ 0.0111196   0.         -0.07730069 ...  0.          0.
  -0.02546686]
 [-0.06885014 -0.02890131  0.         ... -0.04331749  0.0628354
   0.08622164]
 ...
 [-0.04717151  0.          0.         ...  0.          0.00595135
  -0.00914874]
 [ 0.         -0.08514666 -0.0244992  ...  0.          0.
   0.        ]
 [ 0.02290889  0.02679003  0.         ...  0.02231844 -0.12104519
   0.        ]]

Layer 1:
[[ 0.00064583 -0.01861708 -0.03666219  0.00928062 -0.05478794 -0.06528799
   0.03335992  0.02145567  0.02937338 -0.02075724 -0.05494631 -0.03220208
   0.04596144 -0.02724978 -0.04045607 -0.11704695 -0.03185935 -0.05587648
  -0.14690776 -0.02606251 -0.11035265 -0.0368814  -0.05794165  0.02056258
   0.08106801 -0.11283772 -0.0201096  -0.14658698 -0.0730104  -0.06491859
   0.0394833  -0.00463297 -0.04152845 -0.02228456  0.01856658 -0.04509058
   0.04379786  0.14709094  0.05991289 -0.04234445 -0.00973641  0.00339768
   0.07252678  0.03536883  0.04379962 -0.02044377 -0.1765238  -0.05758633
   0.02791723  0.03504628 -0.2065221   0.01241908  0.08572451 -0.05603988
  -0.07589025  0.12765758  0.09425823  0.01089754 -0.04826437  0.06325573
  -0.03596757 -0.11621081 -0.16401643 -0.06121937  0.00359766  0.04766364
   0.10608287 -0.03803707 -0.04540706  0.09102745  0.0137974   0.04399621
  -0.03888187 -0.00908919  0.04308454 -0.01950479  0.05203365 -0.06923696
   0.09550837 -0.09005343 -0.00374228 -0.03505327 -0.07183167  0.04615679
  -0.0900355  -0.08978112 -0.00739176  0.09702335 -0.06423413  0.03148258
   0.03948447  0.00986254 -0.01453283  0.04038033  0.03052769 -0.01163506
   0.05754639 -0.04335695  0.07870365 -0.00716898]]

Layer 2:
[0. 0. 0. 0. 0. 0. 0. 0. 0. 0. 0. 0. 0. 0. 0. 0. 0. 0. 0. 0. 0. 0. 0. 0.
 0. 0. 0. 0. 0. 0. 0. 0. 0. 0. 0. 0. 0. 0. 0. 0. 0. 0. 0. 0. 0. 0. 0. 0.
 0. 0. 0. 0. 0. 0. 0. 0. 0. 0. 0. 0. 0. 0. 0. 0. 0. 0. 0. 0. 0. 0. 0. 0.
 0. 0. 0. 0. 0. 0. 0. 0. 0. 0. 0. 0. 0. 0. 0. 0. 0. 0. 0. 0. 0. 0. 0. 0.
 0. 0. 0. 0.]

Layer 3:
[[-3.84576350e-01]
 [-1.31564200e+00]
 [-1.47615767e+00]
 [ 3.01424098e+00]
 [-1.41788334e-01]
 [ 4.06089604e-01]
 [ 8.45574141e-01]
 [ 1.55397326e-01]
 [ 1.40366304e+00]
 [-1.31736243e+00]
 [-3.35009307e-01]
 [-2.10981441e+00]
 [-1.00498629e+00]
 [-3.43975973e+00]
 [-1.73387027e+00]
 [-8.39336812e-01]
 [-6.34075999e-01]
 [ 1.56232178e+00]
 [ 3.07756364e-01]
 [-4.39073896e+00]
 [-3.76809947e-02]
 [-1.10098338e+00]
 [-8.87428448e-02]
 [ 2.43841481e+00]
 [ 1.13388725e-01]
 [-2.71597475e-01]
 [-4.14995342e-01]
 [ 5.24672568e-01]
 [-3.68830085e-01]
 [ 1.39786959e+00]
 [ 3.24527323e-01]
 [-3.47882152e+00]
 [-1.34649551e+00]
 [-4.69454241e+00]
 [ 3.73524332e+00]
 [-1.23876639e-01]
 [ 1.46025217e+00]
 [ 9.13148560e-03]
 [ 5.76512158e-01]
 [ 4.89464372e-01]
 [-2.13603520e+00]
 [ 2.72474265e+00]
 [-6.05681360e-01]
 [ 2.73402238e+00]
 [ 1.52524185e+00]
 [-2.30885768e+00]
 [-1.50622958e-02]
 [ 6.32852554e-01]
 [-1.16372240e+00]
 [ 2.64686275e+00]
 [-4.49029982e-01]
 [ 2.65229011e+00]
 [-1.53452912e-02]
 [-1.39888227e-01]
 [ 3.84870857e-01]
 [ 2.40812808e-01]
 [ 2.69389488e-02]
 [ 1.48516369e+00]
 [-1.08161902e+00]
 [ 5.41705728e-01]
 [-7.93357611e-01]
 [-1.10992467e+00]
 [ 1.30513743e-01]
 [ 6.63938597e-02]
 [ 2.04201460e+00]
 [-4.56157774e-01]
 [ 1.35812943e-03]
 [-2.63336039e+00]
 [-9.38010402e-03]
 [ 4.08017099e-01]
 [ 2.55258298e+00]
 [ 2.97954631e+00]
 [ 2.72949785e-01]
 [-3.33881950e+00]
 [-4.21227157e-01]
 [-1.36341357e+00]
 [-1.45811578e-02]
 [ 9.20011282e-01]
 [ 1.26048565e-01]
 [ 1.02474608e-01]
 [-2.15134025e+00]
 [-4.09815401e-01]
 [ 3.77224654e-01]
 [ 7.35856295e-02]
 [ 4.42471236e-01]
 [ 3.31460088e-01]
 [-1.46274233e+00]
 [-2.91948169e-01]
 [-8.44672143e-01]
 [ 2.00327218e-01]
 [ 8.40471983e-01]
 [ 1.99035656e+00]
 [-2.81956673e+00]
 [ 1.25815630e+00]
 [-7.63633251e-01]
 [-1.98818350e+00]
 [-8.17155957e-01]
 [ 1.24863654e-01]
 [-6.91689253e-01]
 [-2.40652251e+00]]

Layer 4:
[0.20395622]



Entrenamiento 3:
------------------------------------------------------------------------

Layer 0:
[[ 0.          0.          0.         ...  0.          0.1259694
   0.        ]
 [ 0.0111196   0.         -0.07730069 ...  0.          0.
  -0.02546686]
 [-0.06885014 -0.02890131  0.         ... -0.04331749  0.0628354
   0.08622164]
 ...
 [-0.04717151  0.          0.         ...  0.          0.00595135
  -0.00914874]
 [ 0.         -0.08514666 -0.0244992  ...  0.          0.
   0.        ]
 [ 0.02290889  0.02679003  0.         ...  0.02231844 -0.12104519
   0.        ]]

Layer 1:
[[ 0.00064583 -0.01861708 -0.03666219  0.00928062 -0.05478794 -0.06528799
   0.03335992  0.02145567  0.02937338 -0.02075724 -0.05494631 -0.03220208
   0.04596144 -0.02724978 -0.04045607 -0.11704695 -0.03185935 -0.05587648
  -0.14690776 -0.02606251 -0.11035265 -0.0368814  -0.05794165  0.02056258
   0.08106801 -0.11283772 -0.0201096  -0.14658698 -0.0730104  -0.06491859
   0.0394833  -0.00463297 -0.04152845 -0.02228456  0.01856658 -0.04509058
   0.04379786  0.14709094  0.05991289 -0.04234445 -0.00973641  0.00339768
   0.07252678  0.03536883  0.04379962 -0.02044377 -0.1765238  -0.05758633
   0.02791723  0.03504628 -0.2065221   0.01241908  0.08572451 -0.05603988
  -0.07589025  0.12765758  0.09425823  0.01089754 -0.04826437  0.06325573
  -0.03596757 -0.11621081 -0.16401643 -0.06121937  0.00359766  0.04766364
   0.10608287 -0.03803707 -0.04540706  0.09102745  0.0137974   0.04399621
  -0.03888187 -0.00908919  0.04308454 -0.01950479  0.05203365 -0.06923696
   0.09550837 -0.09005343 -0.00374228 -0.03505327 -0.07183167  0.04615679
  -0.0900355  -0.08978112 -0.00739176  0.09702335 -0.06423413  0.03148258
   0.03948447  0.00986254 -0.01453283  0.04038033  0.03052769 -0.01163506
   0.05754639 -0.04335695  0.07870365 -0.00716898]]

Layer 2:
[0. 0. 0. 0. 0. 0. 0. 0. 0. 0. 0. 0. 0. 0. 0. 0. 0. 0. 0. 0. 0. 0. 0. 0.
 0. 0. 0. 0. 0. 0. 0. 0. 0. 0. 0. 0. 0. 0. 0. 0. 0. 0. 0. 0. 0. 0. 0. 0.
 0. 0. 0. 0. 0. 0. 0. 0. 0. 0. 0. 0. 0. 0. 0. 0. 0. 0. 0. 0. 0. 0. 0. 0.
 0. 0. 0. 0. 0. 0. 0. 0. 0. 0. 0. 0. 0. 0. 0. 0. 0. 0. 0. 0. 0. 0. 0. 0.
 0. 0. 0. 0.]

Layer 3:
[[-0.4912355 ]
 [-1.9108493 ]
 [-1.4727048 ]
 [ 3.4596548 ]
 [-0.11816203]
 [ 0.89576274]
 [ 0.60238516]
 [ 0.48101705]
 [ 1.4649642 ]
 [-1.6837593 ]
 [-0.48120937]
 [-1.9156761 ]
 [-1.2565863 ]
 [-3.3694456 ]
 [-1.5234025 ]
 [-1.0569644 ]
 [-0.7658669 ]
 [ 1.5312306 ]
 [ 0.22131541]
 [-4.508571  ]
 [-0.17311233]
 [-0.9073437 ]
 [ 0.27976117]
 [ 2.5002193 ]
 [ 0.33904052]
 [-0.4708286 ]
 [-0.84932965]
 [ 0.42564636]
 [-0.45634758]
 [ 1.4317268 ]
 [ 0.11973184]
 [-3.8169281 ]
 [-1.0036348 ]
 [-4.9347515 ]
 [ 4.458627  ]
 [-0.1126038 ]
 [ 1.01146   ]
 [ 0.12162817]
 [ 0.11861084]
 [ 0.47190848]
 [-2.4172316 ]
 [ 2.3888397 ]
 [-1.1826991 ]
 [ 2.465225  ]
 [ 1.3558044 ]
 [-2.7638183 ]
 [-0.16811745]
 [ 1.409063  ]
 [-1.0351888 ]
 [ 2.5055923 ]
 [-0.41854236]
 [ 2.7075393 ]
 [ 0.1718609 ]
 [ 0.19213246]
 [ 0.59183306]
 [ 0.3943891 ]
 [ 0.27482155]
 [ 1.954657  ]
 [-0.5177269 ]
 [ 0.6196456 ]
 [-0.5699198 ]
 [-1.0249174 ]
 [ 0.05753601]
 [ 0.02516776]
 [ 2.27416   ]
 [-0.2292225 ]
 [ 0.02333014]
 [-2.2249827 ]
 [ 0.3357327 ]
 [ 0.6023885 ]
 [ 2.779183  ]
 [ 2.444013  ]
 [ 0.00891543]
 [-3.6784165 ]
 [-0.22294703]
 [-1.5546861 ]
 [-0.4489508 ]
 [ 0.7786368 ]
 [ 0.13134216]
 [-0.16589805]
 [-2.4605105 ]
 [-0.60396385]
 [ 0.7459356 ]
 [-0.3989544 ]
 [ 0.91913325]
 [ 0.42257318]
 [-1.6743892 ]
 [-0.08307083]
 [-0.45186102]
 [ 0.4309511 ]
 [ 0.5130164 ]
 [ 2.3614233 ]
 [-3.268347  ]
 [ 0.93515396]
 [-0.43898824]
 [-2.4827366 ]
 [-0.9611788 ]
 [ 0.25459495]
 [-0.6272382 ]
 [-2.6866155 ]]

Layer 4:
[-0.02713644]



Consenso 3:
------------------------------------------------------------------------

Layer 0:
[[ 0.          0.          0.         ...  0.          0.1259694
   0.        ]
 [ 0.0111196   0.         -0.07730069 ...  0.          0.
  -0.02546686]
 [-0.06885014 -0.02890131  0.         ... -0.04331749  0.0628354
   0.08622164]
 ...
 [-0.04717151  0.          0.         ...  0.          0.00595135
  -0.00914874]
 [ 0.         -0.08514666 -0.0244992  ...  0.          0.
   0.        ]
 [ 0.02290889  0.02679003  0.         ...  0.02231844 -0.12104519
   0.        ]]

Layer 1:
[[ 0.00064583 -0.01861708 -0.03666219  0.00928062 -0.05478794 -0.06528799
   0.03335992  0.02145567  0.02937338 -0.02075724 -0.05494631 -0.03220208
   0.04596144 -0.02724978 -0.04045607 -0.11704695 -0.03185935 -0.05587648
  -0.14690776 -0.02606251 -0.11035265 -0.0368814  -0.05794165  0.02056258
   0.08106801 -0.11283772 -0.0201096  -0.14658698 -0.0730104  -0.06491859
   0.0394833  -0.00463297 -0.04152845 -0.02228456  0.01856658 -0.04509058
   0.04379786  0.14709094  0.05991289 -0.04234445 -0.00973641  0.00339768
   0.07252678  0.03536883  0.04379962 -0.02044377 -0.1765238  -0.05758633
   0.02791723  0.03504628 -0.2065221   0.01241908  0.08572451 -0.05603988
  -0.07589025  0.12765758  0.09425823  0.01089754 -0.04826437  0.06325573
  -0.03596757 -0.11621081 -0.16401643 -0.06121937  0.00359766  0.04766364
   0.10608287 -0.03803707 -0.04540706  0.09102745  0.0137974   0.04399621
  -0.03888187 -0.00908919  0.04308454 -0.01950479  0.05203365 -0.06923696
   0.09550837 -0.09005343 -0.00374228 -0.03505327 -0.07183167  0.04615679
  -0.0900355  -0.08978112 -0.00739176  0.09702335 -0.06423413  0.03148258
   0.03948447  0.00986254 -0.01453283  0.04038033  0.03052769 -0.01163506
   0.05754639 -0.04335695  0.07870365 -0.00716898]]

Layer 2:
[0. 0. 0. 0. 0. 0. 0. 0. 0. 0. 0. 0. 0. 0. 0. 0. 0. 0. 0. 0. 0. 0. 0. 0.
 0. 0. 0. 0. 0. 0. 0. 0. 0. 0. 0. 0. 0. 0. 0. 0. 0. 0. 0. 0. 0. 0. 0. 0.
 0. 0. 0. 0. 0. 0. 0. 0. 0. 0. 0. 0. 0. 0. 0. 0. 0. 0. 0. 0. 0. 0. 0. 0.
 0. 0. 0. 0. 0. 0. 0. 0. 0. 0. 0. 0. 0. 0. 0. 0. 0. 0. 0. 0. 0. 0. 0. 0.
 0. 0. 0. 0.]

Layer 3:
[[-0.6962131 ]
 [-1.9416363 ]
 [-1.4844602 ]
 [ 4.0798817 ]
 [-0.01853142]
 [ 0.86645776]
 [ 0.59652835]
 [ 0.3772133 ]
 [ 1.5381929 ]
 [-1.4727918 ]
 [-0.39494404]
 [-1.9711032 ]
 [-1.3522922 ]
 [-3.5577075 ]
 [-1.5395983 ]
 [-1.0052916 ]
 [-0.6825644 ]
 [ 1.6669304 ]
 [ 0.21650472]
 [-4.695267  ]
 [-0.1882146 ]
 [-0.9178085 ]
 [ 0.35313994]
 [ 2.8782725 ]
 [ 0.25938168]
 [-0.48627412]
 [-0.74061716]
 [ 0.44612968]
 [-0.32352066]
 [ 1.5814916 ]
 [ 0.0484112 ]
 [-4.477862  ]
 [-0.9244897 ]
 [-5.2251954 ]
 [ 4.830086  ]
 [ 0.05066321]
 [ 1.1427419 ]
 [ 0.26490405]
 [ 0.17423715]
 [ 0.49944985]
 [-2.9270773 ]
 [ 3.3258345 ]
 [-1.1746539 ]
 [ 2.5874038 ]
 [ 1.4504519 ]
 [-3.1409423 ]
 [-0.24901971]
 [ 1.3064873 ]
 [-1.0871993 ]
 [ 2.6226528 ]
 [-0.70977336]
 [ 3.3856688 ]
 [ 0.0914986 ]
 [ 0.14818637]
 [ 0.6500201 ]
 [ 0.47794017]
 [ 0.18165399]
 [ 2.0120795 ]
 [-0.6480199 ]
 [ 0.4279276 ]
 [-0.6147451 ]
 [-1.0560266 ]
 [-0.13132064]
 [ 0.12414413]
 [ 2.819148  ]
 [-0.37234563]
 [-0.02264231]
 [-2.4399843 ]
 [ 0.38553065]
 [ 0.55909103]
 [ 3.1329622 ]
 [ 2.407664  ]
 [ 0.08236998]
 [-4.517439  ]
 [-0.4774942 ]
 [-1.5280132 ]
 [-0.39051253]
 [ 0.88724494]
 [ 0.06512231]
 [-0.10018022]
 [-2.8506    ]
 [-0.44696307]
 [ 0.74346036]
 [-0.3796713 ]
 [ 0.9009479 ]
 [ 0.4897839 ]
 [-1.9377275 ]
 [-0.15191513]
 [-0.47443783]
 [ 0.357984  ]
 [ 0.56227326]
 [ 2.5434983 ]
 [-3.8788908 ]
 [ 0.9222343 ]
 [-0.5673406 ]
 [-2.7416666 ]
 [-1.1726296 ]
 [ 0.4012139 ]
 [-0.74179333]
 [-3.2104394 ]]

Layer 4:
[0.15640336]



Entrenamiento 4:
------------------------------------------------------------------------

Layer 0:
[[ 0.          0.          0.         ...  0.          0.1259694
   0.        ]
 [ 0.0111196   0.         -0.07730069 ...  0.          0.
  -0.02546686]
 [-0.06885014 -0.02890131  0.         ... -0.04331749  0.0628354
   0.08622164]
 ...
 [-0.04717151  0.          0.         ...  0.          0.00595135
  -0.00914874]
 [ 0.         -0.08514666 -0.0244992  ...  0.          0.
   0.        ]
 [ 0.02290889  0.02679003  0.         ...  0.02231844 -0.12104519
   0.        ]]

Layer 1:
[[ 0.00064583 -0.01861708 -0.03666219  0.00928062 -0.05478794 -0.06528799
   0.03335992  0.02145567  0.02937338 -0.02075724 -0.05494631 -0.03220208
   0.04596144 -0.02724978 -0.04045607 -0.11704695 -0.03185935 -0.05587648
  -0.14690776 -0.02606251 -0.11035265 -0.0368814  -0.05794165  0.02056258
   0.08106801 -0.11283772 -0.0201096  -0.14658698 -0.0730104  -0.06491859
   0.0394833  -0.00463297 -0.04152845 -0.02228456  0.01856658 -0.04509058
   0.04379786  0.14709094  0.05991289 -0.04234445 -0.00973641  0.00339768
   0.07252678  0.03536883  0.04379962 -0.02044377 -0.1765238  -0.05758633
   0.02791723  0.03504628 -0.2065221   0.01241908  0.08572451 -0.05603988
  -0.07589025  0.12765758  0.09425823  0.01089754 -0.04826437  0.06325573
  -0.03596757 -0.11621081 -0.16401643 -0.06121937  0.00359766  0.04766364
   0.10608287 -0.03803707 -0.04540706  0.09102745  0.0137974   0.04399621
  -0.03888187 -0.00908919  0.04308454 -0.01950479  0.05203365 -0.06923696
   0.09550837 -0.09005343 -0.00374228 -0.03505327 -0.07183167  0.04615679
  -0.0900355  -0.08978112 -0.00739176  0.09702335 -0.06423413  0.03148258
   0.03948447  0.00986254 -0.01453283  0.04038033  0.03052769 -0.01163506
   0.05754639 -0.04335695  0.07870365 -0.00716898]]

Layer 2:
[0. 0. 0. 0. 0. 0. 0. 0. 0. 0. 0. 0. 0. 0. 0. 0. 0. 0. 0. 0. 0. 0. 0. 0.
 0. 0. 0. 0. 0. 0. 0. 0. 0. 0. 0. 0. 0. 0. 0. 0. 0. 0. 0. 0. 0. 0. 0. 0.
 0. 0. 0. 0. 0. 0. 0. 0. 0. 0. 0. 0. 0. 0. 0. 0. 0. 0. 0. 0. 0. 0. 0. 0.
 0. 0. 0. 0. 0. 0. 0. 0. 0. 0. 0. 0. 0. 0. 0. 0. 0. 0. 0. 0. 0. 0. 0. 0.
 0. 0. 0. 0.]

Layer 3:
[[-7.50011683e-01]
 [-2.22746229e+00]
 [-1.36607218e+00]
 [ 4.52098656e+00]
 [-8.46456215e-02]
 [ 1.12539315e+00]
 [ 3.91051501e-01]
 [ 5.12822449e-01]
 [ 1.46151626e+00]
 [-1.82810700e+00]
 [-4.09360498e-01]
 [-1.51935565e+00]
 [-1.36594892e+00]
 [-3.43041396e+00]
 [-1.32478750e+00]
 [-1.12406015e+00]
 [-7.74264574e-01]
 [ 1.51572680e+00]
 [ 1.00397192e-01]
 [-4.45270586e+00]
 [-1.56783715e-01]
 [-6.73697293e-01]
 [ 5.68025053e-01]
 [ 2.88675642e+00]
 [ 4.09284621e-01]
 [-4.60382402e-01]
 [-1.07648933e+00]
 [ 2.73116112e-01]
 [-5.40175438e-01]
 [ 1.33266962e+00]
 [ 4.32183407e-03]
 [-4.56593370e+00]
 [-7.57091701e-01]
 [-5.02218533e+00]
 [ 5.10599422e+00]
 [-1.40489429e-01]
 [ 7.28492022e-01]
 [-3.85255888e-02]
 [ 3.99199501e-02]
 [ 6.94640934e-01]
 [-3.12725806e+00]
 [ 2.92954946e+00]
 [-1.15881157e+00]
 [ 2.15071917e+00]
 [ 1.11042869e+00]
 [-3.35021257e+00]
 [-1.61284581e-01]
 [ 1.53841031e+00]
 [-1.02515709e+00]
 [ 2.44394255e+00]
 [-1.17010996e-01]
 [ 3.40689158e+00]
 [ 2.48453364e-01]
 [ 4.17286426e-01]
 [ 6.58262074e-01]
 [ 3.68942797e-01]
 [ 2.92164087e-01]
 [ 2.37827992e+00]
 [-7.47265071e-02]
 [ 7.93711841e-01]
 [-4.71731395e-01]
 [-1.10588717e+00]
 [ 3.09013575e-01]
 [ 4.58975583e-02]
 [ 2.97265434e+00]
 [-1.52727142e-01]
 [ 1.10951521e-01]
 [-1.76251519e+00]
 [ 4.07430828e-01]
 [ 6.27240658e-01]
 [ 3.31374073e+00]
 [ 1.79932904e+00]
 [-2.09406875e-02]
 [-4.73037481e+00]
 [-5.43209650e-02]
 [-1.48028946e+00]
 [-6.46870434e-01]
 [ 7.11297929e-01]
 [ 2.47879907e-01]
 [-2.73089081e-01]
 [-2.97143555e+00]
 [-5.99300265e-01]
 [ 7.25936413e-01]
 [-8.11985254e-01]
 [ 1.16655838e+00]
 [ 3.36607665e-01]
 [-2.17680478e+00]
 [ 5.12063578e-02]
 [-3.29049259e-01]
 [ 4.13712591e-01]
 [ 2.14267895e-01]
 [ 2.86332202e+00]
 [-4.12701988e+00]
 [ 7.29894936e-01]
 [-4.34706837e-01]
 [-3.12032175e+00]
 [-9.60889101e-01]
 [ 3.64794433e-01]
 [-5.49620211e-01]
 [-3.45625186e+00]]

Layer 4:
[-0.01007032]



Consenso 4:
------------------------------------------------------------------------

Layer 0:
[[ 0.          0.          0.         ...  0.          0.1259694
   0.        ]
 [ 0.0111196   0.         -0.07730069 ...  0.          0.
  -0.02546686]
 [-0.06885014 -0.02890131  0.         ... -0.04331749  0.0628354
   0.08622164]
 ...
 [-0.04717151  0.          0.         ...  0.          0.00595135
  -0.00914874]
 [ 0.         -0.08514666 -0.0244992  ...  0.          0.
   0.        ]
 [ 0.02290889  0.02679003  0.         ...  0.02231844 -0.12104519
   0.        ]]

Layer 1:
[[ 0.00064583 -0.01861708 -0.03666219  0.00928062 -0.05478794 -0.06528799
   0.03335992  0.02145567  0.02937338 -0.02075724 -0.05494631 -0.03220208
   0.04596144 -0.02724978 -0.04045607 -0.11704695 -0.03185935 -0.05587648
  -0.14690776 -0.02606251 -0.11035265 -0.0368814  -0.05794165  0.02056258
   0.08106801 -0.11283772 -0.0201096  -0.14658698 -0.0730104  -0.06491859
   0.0394833  -0.00463297 -0.04152845 -0.02228456  0.01856658 -0.04509058
   0.04379786  0.14709094  0.05991289 -0.04234445 -0.00973641  0.00339768
   0.07252678  0.03536883  0.04379962 -0.02044377 -0.1765238  -0.05758633
   0.02791723  0.03504628 -0.2065221   0.01241908  0.08572451 -0.05603988
  -0.07589025  0.12765758  0.09425823  0.01089754 -0.04826437  0.06325573
  -0.03596757 -0.11621081 -0.16401643 -0.06121937  0.00359766  0.04766364
   0.10608287 -0.03803707 -0.04540706  0.09102745  0.0137974   0.04399621
  -0.03888187 -0.00908919  0.04308454 -0.01950479  0.05203365 -0.06923696
   0.09550837 -0.09005343 -0.00374228 -0.03505327 -0.07183167  0.04615679
  -0.0900355  -0.08978112 -0.00739176  0.09702335 -0.06423413  0.03148258
   0.03948447  0.00986254 -0.01453283  0.04038033  0.03052769 -0.01163506
   0.05754639 -0.04335695  0.07870365 -0.00716898]]

Layer 2:
[0. 0. 0. 0. 0. 0. 0. 0. 0. 0. 0. 0. 0. 0. 0. 0. 0. 0. 0. 0. 0. 0. 0. 0.
 0. 0. 0. 0. 0. 0. 0. 0. 0. 0. 0. 0. 0. 0. 0. 0. 0. 0. 0. 0. 0. 0. 0. 0.
 0. 0. 0. 0. 0. 0. 0. 0. 0. 0. 0. 0. 0. 0. 0. 0. 0. 0. 0. 0. 0. 0. 0. 0.
 0. 0. 0. 0. 0. 0. 0. 0. 0. 0. 0. 0. 0. 0. 0. 0. 0. 0. 0. 0. 0. 0. 0. 0.
 0. 0. 0. 0.]

Layer 3:
[[-9.63195622e-01]
 [-2.42287755e+00]
 [-1.39364874e+00]
 [ 5.14649487e+00]
 [ 4.52777483e-02]
 [ 1.19142354e+00]
 [ 3.41419160e-01]
 [ 4.81357753e-01]
 [ 1.56063294e+00]
 [-1.61954248e+00]
 [-3.89245063e-01]
 [-1.60311592e+00]
 [-1.56251669e+00]
 [-3.60548019e+00]
 [-1.31784534e+00]
 [-1.13505375e+00]
 [-6.90073729e-01]
 [ 1.68703270e+00]
 [ 8.21975768e-02]
 [-4.73086071e+00]
 [-2.56053567e-01]
 [-6.62584245e-01]
 [ 6.83001339e-01]
 [ 3.25822854e+00]
 [ 3.73306364e-01]
 [-5.79281449e-01]
 [-9.96593833e-01]
 [ 2.94905692e-01]
 [-3.68647784e-01]
 [ 1.61183178e+00]
 [-1.64668858e-01]
 [-5.39915705e+00]
 [-5.94736457e-01]
 [-5.40878344e+00]
 [ 5.66348028e+00]
 [ 1.10527612e-01]
 [ 8.07776630e-01]
 [ 2.75405496e-01]
 [-4.52681817e-02]
 [ 6.33114815e-01]
 [-3.65800691e+00]
 [ 3.93425918e+00]
 [-1.43428206e+00]
 [ 2.29207850e+00]
 [ 1.24295545e+00]
 [-3.81924343e+00]
 [-3.50509197e-01]
 [ 1.71916521e+00]
 [-1.07134330e+00]
 [ 2.53996205e+00]
 [-6.11878216e-01]
 [ 4.10208464e+00]
 [ 1.95223972e-01]
 [ 4.12789017e-01]
 [ 7.77319074e-01]
 [ 5.48153102e-01]
 [ 2.85828710e-01]
 [ 2.49607515e+00]
 [-1.73911542e-01]
 [ 5.01033604e-01]
 [-4.34044152e-01]
 [-1.09738433e+00]
 [-1.01659119e-01]
 [ 1.48442924e-01]
 [ 3.53643417e+00]
 [-2.88098633e-01]
 [ 4.21504602e-02]
 [-1.99902987e+00]
 [ 6.18732631e-01]
 [ 6.48212850e-01]
 [ 3.69031262e+00]
 [ 1.76122367e+00]
 [ 5.21276752e-03]
 [-5.63019323e+00]
 [-4.09471065e-01]
 [-1.55687761e+00]
 [-6.94490731e-01]
 [ 8.20770204e-01]
 [ 1.08721785e-01]
 [-2.56854862e-01]
 [-3.43227959e+00]
 [-4.56778675e-01]
 [ 9.13713515e-01]
 [-8.22946072e-01]
 [ 1.20241535e+00]
 [ 4.88930702e-01]
 [-2.43462920e+00]
 [ 2.99090025e-04]
 [-2.39785522e-01]
 [ 3.98656815e-01]
 [ 2.36971617e-01]
 [ 3.06057954e+00]
 [-4.78933716e+00]
 [ 6.44378006e-01]
 [-4.82057989e-01]
 [-3.41924453e+00]
 [-1.26280749e+00]
 [ 5.72367668e-01]
 [-6.95201218e-01]
 [-4.03561449e+00]]

Layer 4:
[0.04751137]



Entrenamiento 5:
------------------------------------------------------------------------

Layer 0:
[[ 0.          0.          0.         ...  0.          0.1259694
   0.        ]
 [ 0.0111196   0.         -0.07730069 ...  0.          0.
  -0.02546686]
 [-0.06885014 -0.02890131  0.         ... -0.04331749  0.0628354
   0.08622164]
 ...
 [-0.04717151  0.          0.         ...  0.          0.00595135
  -0.00914874]
 [ 0.         -0.08514666 -0.0244992  ...  0.          0.
   0.        ]
 [ 0.02290889  0.02679003  0.         ...  0.02231844 -0.12104519
   0.        ]]

Layer 1:
[[ 0.00064583 -0.01861708 -0.03666219  0.00928062 -0.05478794 -0.06528799
   0.03335992  0.02145567  0.02937338 -0.02075724 -0.05494631 -0.03220208
   0.04596144 -0.02724978 -0.04045607 -0.11704695 -0.03185935 -0.05587648
  -0.14690776 -0.02606251 -0.11035265 -0.0368814  -0.05794165  0.02056258
   0.08106801 -0.11283772 -0.0201096  -0.14658698 -0.0730104  -0.06491859
