:
------------------------------------------------------------------------



Entrenamiento 0:
------------------------------------------------------------------------

Layer 0:
[[-0.         -0.         -0.04952306 ...  0.         -0.
  -0.        ]
 [-0.         -0.          0.         ... -0.         -0.22147983
  -0.        ]
 [ 0.         -0.         -0.         ...  0.          0.
   0.20534565]
 ...
 [ 0.         -0.          0.         ... -0.          0.
   0.        ]
 [-0.         -0.         -0.         ... -0.          0.
   0.        ]
 [-0.          0.         -0.         ... -0.         -0.
  -0.        ]]

Layer 1:
[[-1.53800339e-01  1.59510076e-02 -1.18837893e-01  1.96754724e-01
  -9.29590017e-02 -8.05651695e-02 -3.37831527e-02 -2.23020166e-02
   8.91734958e-02 -2.21869826e-01 -2.27779672e-01  2.16652960e-01
  -8.88369232e-02 -2.32744172e-01  6.82616532e-02 -1.07914209e-04
  -1.33679852e-01 -2.05980837e-01 -4.28386927e-02  2.93475389e-03
  -1.38881385e-01 -8.16903114e-02  2.07248390e-01  2.26739943e-02
  -5.76026738e-03 -1.72808424e-01 -2.40950659e-01  1.29957467e-01
   1.09931231e-01  1.80106193e-01 -9.71610248e-02  2.18142033e-01
   2.05291688e-01 -6.39881492e-02 -3.35595012e-03 -7.92056769e-02
  -1.82955220e-01  2.28525013e-01  7.47369230e-02 -1.18382365e-01
   1.72405839e-01 -2.79550105e-02  3.05691063e-02  1.69813633e-02
  -1.92863941e-01 -1.77667230e-01  1.71977103e-01 -4.45991755e-04
   6.22841120e-02  4.80110049e-02 -2.01487437e-01  2.97304988e-03
  -1.88932359e-01 -2.23625585e-01  1.54962450e-01  2.28750706e-01
  -1.58596724e-01  1.52003765e-02  1.28598422e-01  1.29921496e-01
   1.20521188e-02 -4.58600968e-02  2.10636348e-01 -2.16326833e-01
  -8.76526833e-02  6.07683659e-02 -1.52864873e-01  1.92518234e-01
   4.64457273e-02 -2.40500942e-01 -1.93611652e-01 -2.43657738e-01
   4.08950150e-02  1.86265886e-01  1.54925823e-01 -2.17752352e-01
  -2.02092245e-01  1.88679755e-01  2.32235879e-01  2.05345929e-01
   1.50823861e-01 -1.50257289e-01 -1.26266226e-01 -1.05068594e-01
   1.52305812e-01 -1.12593621e-01 -2.17545539e-01 -9.18435603e-02
   5.36484122e-02 -7.33837634e-02 -5.16866148e-02 -5.12616485e-02
   2.04653293e-01  5.88667393e-02  4.01216149e-02  1.56499863e-01
   9.10879374e-02 -1.87265515e-01 -2.28247404e-01  4.63003516e-02]]

Layer 2:
[0. 0. 0. 0. 0. 0. 0. 0. 0. 0. 0. 0. 0. 0. 0. 0. 0. 0. 0. 0. 0. 0. 0. 0.
 0. 0. 0. 0. 0. 0. 0. 0. 0. 0. 0. 0. 0. 0. 0. 0. 0. 0. 0. 0. 0. 0. 0. 0.
 0. 0. 0. 0. 0. 0. 0. 0. 0. 0. 0. 0. 0. 0. 0. 0. 0. 0. 0. 0. 0. 0. 0. 0.
 0. 0. 0. 0. 0. 0. 0. 0. 0. 0. 0. 0. 0. 0. 0. 0. 0. 0. 0. 0. 0. 0. 0. 0.
 0. 0. 0. 0.]

Layer 3:
[[-1.53297573e-01]
 [ 3.55288553e+00]
 [-9.57197428e-01]
 [-4.65869494e-02]
 [-5.16490266e-02]
 [-5.12539566e-01]
 [-4.16550398e+00]
 [-1.16429353e+00]
 [ 5.10196209e-01]
 [-5.97392842e-02]
 [-1.36124015e-01]
 [ 2.58093894e-01]
 [-6.78241730e-01]
 [-3.75713199e-01]
 [ 5.74716151e-01]
 [-6.73201263e-01]
 [ 1.19578682e-01]
 [ 1.92385629e-01]
 [ 1.22508198e-01]
 [ 1.15816116e+00]
 [ 2.79247671e-01]
 [-2.48080277e+00]
 [-2.99526863e-02]
 [ 1.80118358e+00]
 [-5.02020407e+00]
 [-1.20387740e-01]
 [ 8.32598731e-02]
 [ 4.08084780e-01]
 [ 8.74017239e-01]
 [ 4.39596660e-02]
 [-3.67021076e-02]
 [ 1.28278211e-01]
 [ 7.89608248e-03]
 [-1.76710933e-01]
 [-4.00375891e+00]
 [-8.70050192e-02]
 [-2.18480349e-01]
 [ 1.10041276e-01]
 [ 1.82472020e-01]
 [-8.63373931e-03]
 [ 1.19381003e-01]
 [-3.57056713e+00]
 [ 2.58074951e+00]
 [ 2.92486930e+00]
 [ 1.47029668e-01]
 [-2.08396032e-01]
 [ 3.25077206e-01]
 [ 2.82302666e+00]
 [ 6.79353833e-01]
 [ 4.11575556e-01]
 [-2.75547236e-01]
 [ 7.93793678e-01]
 [ 3.84509265e-02]
 [ 1.74855720e-03]
 [ 1.08243018e-01]
 [-4.27530445e-02]
 [-1.55866638e-01]
 [ 2.84565520e+00]
 [ 8.79602060e-02]
 [ 3.14777285e-01]
 [ 3.12243962e+00]
 [-1.98066652e+00]
 [ 5.96763976e-02]
 [ 5.82125410e-02]
 [-1.53257418e+00]
 [ 1.96590394e-01]
 [ 1.15957662e-01]
 [ 7.07328618e-02]
 [ 5.14840543e-01]
 [ 5.24577022e-01]
 [-8.07954147e-02]
 [-1.83941871e-01]
 [ 5.04119813e-01]
 [ 1.32088482e-01]
 [-2.42814526e-01]
 [-1.58555120e-01]
 [ 7.64542148e-02]
 [ 3.78286421e-01]
 [-3.48551273e-01]
 [ 3.59919928e-02]
 [-2.86270976e-01]
 [-2.19184971e+00]
 [-2.34989539e-01]
 [-2.02846721e-01]
 [ 1.10415705e-01]
 [-4.24019426e-01]
 [ 3.12199369e-02]
 [-2.52640367e-01]
 [ 1.40122652e+00]
 [-1.30869424e+00]
 [-1.85340261e+00]
 [-2.97038388e+00]
 [-3.22180778e-01]
 [ 5.82220733e-01]
 [ 3.03187442e+00]
 [ 1.42369330e+00]
 [-1.61867738e-02]
 [ 2.71155000e-01]
 [-5.31194210e-01]
 [ 4.25750208e+00]]

Layer 4:
[0.30842218]



Consenso 0:
------------------------------------------------------------------------

Layer 0:
[[ 0.0000000e+00  0.0000000e+00 -5.5757850e-37 ...  0.0000000e+00
   1.2596940e-01  0.0000000e+00]
 [ 1.1119596e-02  0.0000000e+00 -7.7300690e-02 ...  0.0000000e+00
  -2.4936322e-36 -2.5466856e-02]
 [-6.8850137e-02 -2.8901311e-02  0.0000000e+00 ... -4.3317489e-02
   6.2835403e-02  8.6221643e-02]
 ...
 [-4.7171507e-02  0.0000000e+00  0.0000000e+00 ...  0.0000000e+00
   5.9513482e-03 -9.1487383e-03]
 [ 0.0000000e+00 -8.5146658e-02 -2.4499198e-02 ...  0.0000000e+00
   0.0000000e+00  0.0000000e+00]
 [ 2.2908889e-02  2.6790034e-02  0.0000000e+00 ...  2.2318441e-02
  -1.2104519e-01  0.0000000e+00]]

Layer 1:
[[ 0.00064583 -0.01861708 -0.03666219  0.00928062 -0.05478794 -0.06528799
   0.03335992  0.02145567  0.02937338 -0.02075724 -0.05494631 -0.03220208
   0.04596144 -0.02724978 -0.04045607 -0.11704695 -0.03185935 -0.05587648
  -0.14690776 -0.02606251 -0.11035265 -0.0368814  -0.05794165  0.02056258
   0.08106801 -0.11283772 -0.0201096  -0.14658698 -0.0730104  -0.06491859
   0.0394833  -0.00463297 -0.04152845 -0.02228456  0.01856658 -0.04509058
   0.04379786  0.14709094  0.05991289 -0.04234445 -0.00973641  0.00339768
   0.07252678  0.03536883  0.04379962 -0.02044377 -0.1765238  -0.05758633
   0.02791723  0.03504628 -0.2065221   0.01241908  0.08572451 -0.05603988
  -0.07589025  0.12765758  0.09425823  0.01089754 -0.04826437  0.06325573
  -0.03596757 -0.11621081 -0.16401643 -0.06121937  0.00359766  0.04766364
   0.10608287 -0.03803707 -0.04540706  0.09102745  0.0137974   0.04399621
  -0.03888187 -0.00908919  0.04308454 -0.01950479  0.05203365 -0.06923696
   0.09550837 -0.09005343 -0.00374228 -0.03505327 -0.07183167  0.04615679
  -0.0900355  -0.08978112 -0.00739176  0.09702335 -0.06423413  0.03148258
   0.03948447  0.00986254 -0.01453283  0.04038033  0.03052769 -0.01163506
   0.05754639 -0.04335695  0.07870365 -0.00716898]]

Layer 2:
[0. 0. 0. 0. 0. 0. 0. 0. 0. 0. 0. 0. 0. 0. 0. 0. 0. 0. 0. 0. 0. 0. 0. 0.
 0. 0. 0. 0. 0. 0. 0. 0. 0. 0. 0. 0. 0. 0. 0. 0. 0. 0. 0. 0. 0. 0. 0. 0.
 0. 0. 0. 0. 0. 0. 0. 0. 0. 0. 0. 0. 0. 0. 0. 0. 0. 0. 0. 0. 0. 0. 0. 0.
 0. 0. 0. 0. 0. 0. 0. 0. 0. 0. 0. 0. 0. 0. 0. 0. 0. 0. 0. 0. 0. 0. 0. 0.
 0. 0. 0. 0.]

Layer 3:
[[ 0.22635263]
 [ 0.07161553]
 [-0.40990493]
 [-0.18963361]
 [-0.2848722 ]
 [ 0.03280458]
 [ 0.15922889]
 [-0.42593178]
 [-0.02615659]
 [-0.9948208 ]
 [-0.3223957 ]
 [ 0.8758114 ]
 [-0.92498136]
 [-1.1799629 ]
 [-1.1141105 ]
 [-1.0639553 ]
 [-0.07562525]
 [ 1.2277551 ]
 [-0.2293119 ]
 [-0.81842685]
 [-0.24021691]
 [-0.04587775]
 [-0.25722137]
 [-0.06506151]
 [ 0.35608318]
 [-0.37012535]
 [-0.07944404]
 [-0.10635268]
 [-0.8057489 ]
 [ 0.8333539 ]
 [-0.00779499]
 [-0.54792714]
 [-0.9694035 ]
 [-0.6154975 ]
 [ 0.18068156]
 [-0.29300237]
 [ 0.7741796 ]
 [-0.07740212]
 [ 0.9438555 ]
 [ 0.7605429 ]
 [ 0.0130149 ]
 [ 0.5863547 ]
 [ 0.14959721]
 [ 1.032116  ]
 [ 0.44460565]
 [ 0.10293081]
 [-0.17995118]
 [ 0.12851353]
 [-1.7564412 ]
 [ 0.9636152 ]
 [-0.18348846]
 [-0.02267964]
 [ 0.2629772 ]
 [-0.20417783]
 [-0.16218802]
 [ 0.27925843]
 [ 0.27189454]
 [ 0.32918435]
 [-0.347421  ]
 [ 1.0817379 ]
 [-0.08146538]
 [-1.5780429 ]
 [ 0.2658478 ]
 [-0.18846194]
 [-0.48303577]
 [-0.34360167]
 [ 0.5571831 ]
 [-0.16604678]
 [-0.1121647 ]
 [ 0.64184743]
 [-0.00420537]
 [ 1.5190043 ]
 [ 0.40943444]
 [-0.26442266]
 [-0.16662884]
 [-0.38183743]
 [-0.23476012]
 [ 0.59305304]
 [ 0.69542605]
 [-0.11862078]
 [-0.16085711]
 [-0.1706553 ]
 [-0.20219994]
 [-0.40431687]
 [-0.18322068]
 [-0.32329944]
 [ 0.4405375 ]
 [ 0.0819369 ]
 [-1.1714656 ]
 [-0.21386363]
 [-0.21374577]
 [ 0.4455113 ]
 [-0.22407566]
 [ 0.91462773]
 [-0.957979  ]
 [-0.3373514 ]
 [-0.21968937]
 [ 0.01894747]
 [-0.18599673]
 [-0.23236914]]

Layer 4:
[0.01604926]



Entrenamiento 1:
------------------------------------------------------------------------

Layer 0:
[[ 0.0000000e+00  0.0000000e+00 -5.5757850e-37 ...  0.0000000e+00
   1.2596940e-01  0.0000000e+00]
 [ 1.1119596e-02  0.0000000e+00 -7.7300690e-02 ...  0.0000000e+00
  -2.4936322e-36 -2.5466856e-02]
 [-6.8850137e-02 -2.8901311e-02  0.0000000e+00 ... -4.3317489e-02
   6.2835403e-02  8.6221643e-02]
 ...
 [-4.7171507e-02  0.0000000e+00  0.0000000e+00 ...  0.0000000e+00
   5.9513482e-03 -9.1487383e-03]
 [ 0.0000000e+00 -8.5146658e-02 -2.4499198e-02 ...  0.0000000e+00
   0.0000000e+00  0.0000000e+00]
 [ 2.2908889e-02  2.6790034e-02  0.0000000e+00 ...  2.2318441e-02
  -1.2104519e-01  0.0000000e+00]]

Layer 1:
[[ 0.00064583 -0.01861708 -0.03666219  0.00928062 -0.05478794 -0.06528799
   0.03335992  0.02145567  0.02937338 -0.02075724 -0.05494631 -0.03220208
   0.04596144 -0.02724978 -0.04045607 -0.11704695 -0.03185935 -0.05587648
  -0.14690776 -0.02606251 -0.11035265 -0.0368814  -0.05794165  0.02056258
   0.08106801 -0.11283772 -0.0201096  -0.14658698 -0.0730104  -0.06491859
   0.0394833  -0.00463297 -0.04152845 -0.02228456  0.01856658 -0.04509058
   0.04379786  0.14709094  0.05991289 -0.04234445 -0.00973641  0.00339768
   0.07252678  0.03536883  0.04379962 -0.02044377 -0.1765238  -0.05758633
   0.02791723  0.03504628 -0.2065221   0.01241908  0.08572451 -0.05603988
  -0.07589025  0.12765758  0.09425823  0.01089754 -0.04826437  0.06325573
  -0.03596757 -0.11621081 -0.16401643 -0.06121937  0.00359766  0.04766364
   0.10608287 -0.03803707 -0.04540706  0.09102745  0.0137974   0.04399621
  -0.03888187 -0.00908919  0.04308454 -0.01950479  0.05203365 -0.06923696
   0.09550837 -0.09005343 -0.00374228 -0.03505327 -0.07183167  0.04615679
  -0.0900355  -0.08978112 -0.00739176  0.09702335 -0.06423413  0.03148258
   0.03948447  0.00986254 -0.01453283  0.04038033  0.03052769 -0.01163506
   0.05754639 -0.04335695  0.07870365 -0.00716898]]

Layer 2:
[0. 0. 0. 0. 0. 0. 0. 0. 0. 0. 0. 0. 0. 0. 0. 0. 0. 0. 0. 0. 0. 0. 0. 0.
 0. 0. 0. 0. 0. 0. 0. 0. 0. 0. 0. 0. 0. 0. 0. 0. 0. 0. 0. 0. 0. 0. 0. 0.
 0. 0. 0. 0. 0. 0. 0. 0. 0. 0. 0. 0. 0. 0. 0. 0. 0. 0. 0. 0. 0. 0. 0. 0.
 0. 0. 0. 0. 0. 0. 0. 0. 0. 0. 0. 0. 0. 0. 0. 0. 0. 0. 0. 0. 0. 0. 0. 0.
 0. 0. 0. 0.]

Layer 3:
[[-0.22345093]
 [-0.40697864]
 [-1.5853554 ]
 [ 2.5216138 ]
 [-0.25706515]
 [-0.05469923]
 [ 0.89057344]
 [-0.11010535]
 [ 1.5544174 ]
 [-1.0776448 ]
 [-0.17680004]
 [-2.1751616 ]
 [-0.45204645]
 [-3.550408  ]
 [-1.7846175 ]
 [-0.55595607]
 [-0.69909936]
 [ 1.3934779 ]
 [ 0.30068603]
 [-5.336189  ]
 [ 0.22827174]
 [-1.3899262 ]
 [-0.48532075]
 [ 3.296884  ]
 [-0.42697355]
 [-0.03837571]
 [-0.13896005]
 [ 0.4162208 ]
 [-0.51826257]
 [ 0.9990417 ]
 [ 0.7647137 ]
 [-3.0520005 ]
 [-1.716601  ]
 [-4.044411  ]
 [ 4.156968  ]
 [-0.3985618 ]
 [ 2.1779406 ]
 [-0.44061977]
 [ 0.95354444]
 [ 0.72585195]
 [-1.5650824 ]
 [ 2.1694992 ]
 [ 0.2804808 ]
 [ 3.5905325 ]
 [ 1.7230625 ]
 [-2.0027769 ]
 [ 0.2560859 ]
 [-0.10365868]
 [-1.1489565 ]
 [ 3.1700807 ]
 [ 0.10727073]
 [ 3.8122077 ]
 [-0.11433528]
 [-0.41147402]
 [ 0.05374165]
 [-0.10390903]
 [-0.15621346]
 [ 1.5043417 ]
 [-1.5973511 ]
 [ 0.71952343]
 [-1.2365401 ]
 [-1.2201205 ]
 [ 0.6343804 ]
 [-0.02069582]
 [ 1.8163477 ]
 [-0.6258949 ]
 [ 0.1472181 ]
 [-2.7631054 ]
 [-0.3898581 ]
 [ 0.31480038]
 [ 2.5102482 ]
 [ 3.336926  ]
 [ 0.58525914]
 [-2.659403  ]
 [-0.42815122]
 [-1.1869942 ]
 [ 0.34643227]
 [ 0.9669402 ]
 [ 0.15913239]
 [ 0.34369037]
 [-1.85932   ]
 [-0.24360815]
 [-0.09475164]
 [ 0.41191092]
 [ 0.03060522]
 [ 0.06204714]
 [-1.3251567 ]
 [-0.39973745]
 [-1.1781943 ]
 [-0.05010323]
 [ 1.3168623 ]
 [ 1.6812154 ]
 [-2.562683  ]
 [ 1.5713736 ]
 [-0.791611  ]
 [-1.8360442 ]
 [-0.30719957]
 [-0.22943664]
 [-0.59563863]
 [-1.0836048 ]]

Layer 4:
[0.36824203]



Consenso 1:
------------------------------------------------------------------------

Layer 0:
[[ 0.          0.          0.         ...  0.          0.1259694
   0.        ]
 [ 0.0111196   0.         -0.07730069 ...  0.          0.
  -0.02546686]
 [-0.06885014 -0.02890131  0.         ... -0.04331749  0.0628354
   0.08622164]
 ...
 [-0.04717151  0.          0.         ...  0.          0.00595135
  -0.00914874]
 [ 0.         -0.08514666 -0.0244992  ...  0.          0.
   0.        ]
 [ 0.02290889  0.02679003  0.         ...  0.02231844 -0.12104519
   0.        ]]

Layer 1:
[[ 0.00064583 -0.01861708 -0.03666219  0.00928062 -0.05478794 -0.06528799
   0.03335992  0.02145567  0.02937338 -0.02075724 -0.05494631 -0.03220208
   0.04596144 -0.02724978 -0.04045607 -0.11704695 -0.03185935 -0.05587648
  -0.14690776 -0.02606251 -0.11035265 -0.0368814  -0.05794165  0.02056258
   0.08106801 -0.11283772 -0.0201096  -0.14658698 -0.0730104  -0.06491859
   0.0394833  -0.00463297 -0.04152845 -0.02228456  0.01856658 -0.04509058
   0.04379786  0.14709094  0.05991289 -0.04234445 -0.00973641  0.00339768
   0.07252678  0.03536883  0.04379962 -0.02044377 -0.1765238  -0.05758633
   0.02791723  0.03504628 -0.2065221   0.01241908  0.08572451 -0.05603988
  -0.07589025  0.12765758  0.09425823  0.01089754 -0.04826437  0.06325573
  -0.03596757 -0.11621081 -0.16401643 -0.06121937  0.00359766  0.04766364
   0.10608287 -0.03803707 -0.04540706  0.09102745  0.0137974   0.04399621
  -0.03888187 -0.00908919  0.04308454 -0.01950479  0.05203365 -0.06923696
   0.09550837 -0.09005343 -0.00374228 -0.03505327 -0.07183167  0.04615679
  -0.0900355  -0.08978112 -0.00739176  0.09702335 -0.06423413  0.03148258
   0.03948447  0.00986254 -0.01453283  0.04038033  0.03052769 -0.01163506
   0.05754639 -0.04335695  0.07870365 -0.00716898]]

Layer 2:
[0. 0. 0. 0. 0. 0. 0. 0. 0. 0. 0. 0. 0. 0. 0. 0. 0. 0. 0. 0. 0. 0. 0. 0.
 0. 0. 0. 0. 0. 0. 0. 0. 0. 0. 0. 0. 0. 0. 0. 0. 0. 0. 0. 0. 0. 0. 0. 0.
 0. 0. 0. 0. 0. 0. 0. 0. 0. 0. 0. 0. 0. 0. 0. 0. 0. 0. 0. 0. 0. 0. 0. 0.
 0. 0. 0. 0. 0. 0. 0. 0. 0. 0. 0. 0. 0. 0. 0. 0. 0. 0. 0. 0. 0. 0. 0. 0.
 0. 0. 0. 0.]

Layer 3:
[[-0.02699414]
 [-0.56314254]
 [-1.2957245 ]
 [ 1.8420506 ]
 [-0.37716267]
 [-0.16629837]
 [ 0.99226046]
 [-0.15463662]
 [ 1.065252  ]
 [-1.21519   ]
 [-0.26723236]
 [-1.6944654 ]
 [-0.5360624 ]
 [-3.0659404 ]
 [-1.8345054 ]
 [-0.7526001 ]
 [-0.53829354]
 [ 1.3110846 ]
 [ 0.22388452]
 [-3.5159175 ]
 [ 0.09990726]
 [-1.0874417 ]
 [-0.6085831 ]
 [ 1.7771591 ]
 [ 0.04079157]
 [-0.03293125]
 [-0.10685026]
 [ 0.3948903 ]
 [-0.59957135]
 [ 0.9968621 ]
 [ 0.603061  ]
 [-2.287901  ]
 [-1.7728478 ]
 [-3.4926527 ]
 [ 2.2497814 ]
 [-0.44501472]
 [ 1.6433886 ]
 [-0.42537212]
 [ 1.1681749 ]
 [ 0.6016595 ]
 [-1.2432188 ]
 [ 1.9804847 ]
 [ 0.27282298]
 [ 2.5379736 ]
 [ 1.3599725 ]
 [-1.2680018 ]
 [ 0.24353653]
 [-0.24511823]
 [-1.3114537 ]
 [ 2.4584439 ]
 [ 0.13534528]
 [ 1.7742323 ]
 [-0.017394  ]
 [-0.42660946]
 [-0.06426898]
 [-0.07225908]
 [-0.07417109]
 [ 0.9423988 ]
 [-1.3180981 ]
 [ 0.9497474 ]
 [-0.8873546 ]
 [-1.357388  ]
 [ 0.62733114]
 [-0.08576676]
 [ 1.1120794 ]
 [-0.45414189]
 [ 0.22195826]
 [-2.2789078 ]
 [-0.55257076]
 [ 0.2916418 ]
 [ 1.8143247 ]
 [ 3.2319107 ]
 [ 0.5074913 ]
 [-2.0165918 ]
 [-0.16302451]
 [-1.0318056 ]
 [ 0.36882412]
 [ 0.8290971 ]
 [ 0.38921243]
 [ 0.23380902]
 [-1.2914017 ]
 [-0.3749922 ]
 [-0.21664324]
 [ 0.42265436]
 [-0.1782712 ]
 [-0.07743423]
 [-0.93923974]
 [-0.29804775]
 [-1.3575664 ]
 [-0.03962343]
 [ 0.92323595]
 [ 1.3912389 ]
 [-1.5811603 ]
 [ 1.5919186 ]
 [-1.0145671 ]
 [-1.1760688 ]
 [-0.13673803]
 [-0.24581842]
 [-0.4504224 ]
 [-1.5732671 ]]

Layer 4:
[0.05316976]



Entrenamiento 2:
------------------------------------------------------------------------

Layer 0:
[[ 0.          0.          0.         ...  0.          0.1259694
   0.        ]
 [ 0.0111196   0.         -0.07730069 ...  0.          0.
  -0.02546686]
 [-0.06885014 -0.02890131  0.         ... -0.04331749  0.0628354
   0.08622164]
 ...
 [-0.04717151  0.          0.         ...  0.          0.00595135
  -0.00914874]
 [ 0.         -0.08514666 -0.0244992  ...  0.          0.
   0.        ]
 [ 0.02290889  0.02679003  0.         ...  0.02231844 -0.12104519
   0.        ]]

Layer 1:
[[ 0.00064583 -0.01861708 -0.03666219  0.00928062 -0.05478794 -0.06528799
   0.03335992  0.02145567  0.02937338 -0.02075724 -0.05494631 -0.03220208
   0.04596144 -0.02724978 -0.04045607 -0.11704695 -0.03185935 -0.05587648
  -0.14690776 -0.02606251 -0.11035265 -0.0368814  -0.05794165  0.02056258
   0.08106801 -0.11283772 -0.0201096  -0.14658698 -0.0730104  -0.06491859
   0.0394833  -0.00463297 -0.04152845 -0.02228456  0.01856658 -0.04509058
   0.04379786  0.14709094  0.05991289 -0.04234445 -0.00973641  0.00339768
   0.07252678  0.03536883  0.04379962 -0.02044377 -0.1765238  -0.05758633
   0.02791723  0.03504628 -0.2065221   0.01241908  0.08572451 -0.05603988
  -0.07589025  0.12765758  0.09425823  0.01089754 -0.04826437  0.06325573
  -0.03596757 -0.11621081 -0.16401643 -0.06121937  0.00359766  0.04766364
   0.10608287 -0.03803707 -0.04540706  0.09102745  0.0137974   0.04399621
  -0.03888187 -0.00908919  0.04308454 -0.01950479  0.05203365 -0.06923696
   0.09550837 -0.09005343 -0.00374228 -0.03505327 -0.07183167  0.04615679
  -0.0900355  -0.08978112 -0.00739176  0.09702335 -0.06423413  0.03148258
   0.03948447  0.00986254 -0.01453283  0.04038033  0.03052769 -0.01163506
   0.05754639 -0.04335695  0.07870365 -0.00716898]]

Layer 2:
[0. 0. 0. 0. 0. 0. 0. 0. 0. 0. 0. 0. 0. 0. 0. 0. 0. 0. 0. 0. 0. 0. 0. 0.
 0. 0. 0. 0. 0. 0. 0. 0. 0. 0. 0. 0. 0. 0. 0. 0. 0. 0. 0. 0. 0. 0. 0. 0.
 0. 0. 0. 0. 0. 0. 0. 0. 0. 0. 0. 0. 0. 0. 0. 0. 0. 0. 0. 0. 0. 0. 0. 0.
 0. 0. 0. 0. 0. 0. 0. 0. 0. 0. 0. 0. 0. 0. 0. 0. 0. 0. 0. 0. 0. 0. 0. 0.
 0. 0. 0. 0.]

Layer 3:
[[-5.96037090e-01]
 [-1.46076822e+00]
 [-1.70373917e+00]
 [ 3.94575524e+00]
 [-3.08846124e-02]
 [ 7.31731057e-01]
 [ 7.91423261e-01]
 [ 3.07004333e-01]
 [ 1.72456729e+00]
 [-1.29185474e+00]
 [-3.41189325e-01]
 [-2.77246976e+00]
 [-1.28568101e+00]
 [-3.87988472e+00]
 [-1.72138858e+00]
 [-1.02763820e+00]
 [-6.92004025e-01]
 [ 1.71808493e+00]
 [ 2.08931491e-01]
 [-5.80060673e+00]
 [-1.83862507e-01]
 [-1.19898391e+00]
 [ 1.42831549e-01]
 [ 3.27531743e+00]
 [ 1.75285324e-01]
 [-4.24008846e-01]
 [-5.03589213e-01]
 [ 4.40852046e-01]
 [-2.40124539e-01]
 [ 1.64442754e+00]
 [ 1.61303863e-01]
 [-4.33066416e+00]
 [-1.17090845e+00]
 [-5.72404766e+00]
 [ 5.49412251e+00]
 [ 6.92364052e-02]
 [ 1.42093623e+00]
 [ 2.84349501e-01]
 [ 1.58118457e-01]
 [ 4.78731453e-01]
 [-2.49593472e+00]
 [ 3.19934845e+00]
 [-1.22822154e+00]
 [ 3.17564416e+00]
 [ 1.74771297e+00]
 [-3.02746129e+00]
 [-3.11873496e-01]
 [ 1.59185052e+00]
 [-1.07478225e+00]
 [ 3.01652408e+00]
 [-8.29311490e-01]
 [ 3.85240221e+00]
 [-8.55540857e-05]
 [ 1.54062761e-02]
 [ 5.86384296e-01]
 [ 4.61402565e-01]
 [ 1.16804674e-01]
 [ 1.83422506e+00]
 [-1.04987752e+00]
 [ 3.29022467e-01]
 [-7.62242675e-01]
 [-1.02148449e+00]
 [-1.90810934e-01]
 [ 1.59411937e-01]
 [ 2.61572337e+00]
 [-5.17994702e-01]
 [-3.87796573e-02]
 [-3.05249953e+00]
 [ 2.75451273e-01]
 [ 4.95590776e-01]
 [ 3.17256117e+00]
 [ 3.14564753e+00]
 [ 1.98558271e-01]
 [-4.11783266e+00]
 [-6.22873247e-01]
 [-1.47290504e+00]
 [-1.16621546e-01]
 [ 9.68156993e-01]
 [ 2.91256905e-02]
 [ 1.27219781e-02]
 [-2.57687926e+00]
 [-3.88777673e-01]
 [ 6.43387794e-01]
 [-5.84599897e-02]
 [ 6.33498728e-01]
 [ 4.79895383e-01]
 [-1.71123564e+00]
 [-2.40782842e-01]
 [-5.37241817e-01]
 [ 2.92769700e-01]
 [ 9.48442757e-01]
 [ 2.34134245e+00]
 [-3.74061227e+00]
 [ 1.08544004e+00]
 [-6.79245174e-01]
 [-2.40166259e+00]
 [-1.10798800e+00]
 [ 3.72568220e-01]
 [-7.64818847e-01]
 [-2.37539458e+00]]

Layer 4:
[0.73539865]



Consenso 2:
------------------------------------------------------------------------

Layer 0:
[[ 0.          0.          0.         ...  0.          0.1259694
   0.        ]
 [ 0.0111196   0.         -0.07730069 ...  0.          0.
  -0.02546686]
 [-0.06885014 -0.02890131  0.         ... -0.04331749  0.0628354
   0.08622164]
 ...
 [-0.04717151  0.          0.         ...  0.          0.00595135
  -0.00914874]
 [ 0.         -0.08514666 -0.0244992  ...  0.          0.
   0.        ]
 [ 0.02290889  0.02679003  0.         ...  0.02231844 -0.12104519
   0.        ]]

Layer 1:
[[ 0.00064583 -0.01861708 -0.03666219  0.00928062 -0.05478794 -0.06528799
   0.03335992  0.02145567  0.02937338 -0.02075724 -0.05494631 -0.03220208
   0.04596144 -0.02724978 -0.04045607 -0.11704695 -0.03185935 -0.05587648
  -0.14690776 -0.02606251 -0.11035265 -0.0368814  -0.05794165  0.02056258
   0.08106801 -0.11283772 -0.0201096  -0.14658698 -0.0730104  -0.06491859
   0.0394833  -0.00463297 -0.04152845 -0.02228456  0.01856658 -0.04509058
   0.04379786  0.14709094  0.05991289 -0.04234445 -0.00973641  0.00339768
   0.07252678  0.03536883  0.04379962 -0.02044377 -0.1765238  -0.05758633
   0.02791723  0.03504628 -0.2065221   0.01241908  0.08572451 -0.05603988
  -0.07589025  0.12765758  0.09425823  0.01089754 -0.04826437  0.06325573
  -0.03596757 -0.11621081 -0.16401643 -0.06121937  0.00359766  0.04766364
   0.10608287 -0.03803707 -0.04540706  0.09102745  0.0137974   0.04399621
  -0.03888187 -0.00908919  0.04308454 -0.01950479  0.05203365 -0.06923696
   0.09550837 -0.09005343 -0.00374228 -0.03505327 -0.07183167  0.04615679
  -0.0900355  -0.08978112 -0.00739176  0.09702335 -0.06423413  0.03148258
   0.03948447  0.00986254 -0.01453283  0.04038033  0.03052769 -0.01163506
   0.05754639 -0.04335695  0.07870365 -0.00716898]]

Layer 2:
[0. 0. 0. 0. 0. 0. 0. 0. 0. 0. 0. 0. 0. 0. 0. 0. 0. 0. 0. 0. 0. 0. 0. 0.
 0. 0. 0. 0. 0. 0. 0. 0. 0. 0. 0. 0. 0. 0. 0. 0. 0. 0. 0. 0. 0. 0. 0. 0.
 0. 0. 0. 0. 0. 0. 0. 0. 0. 0. 0. 0. 0. 0. 0. 0. 0. 0. 0. 0. 0. 0. 0. 0.
 0. 0. 0. 0. 0. 0. 0. 0. 0. 0. 0. 0. 0. 0. 0. 0. 0. 0. 0. 0. 0. 0. 0. 0.
 0. 0. 0. 0.]

Layer 3:
[[-3.84576350e-01]
 [-1.31564200e+00]
 [-1.47615767e+00]
 [ 3.01424098e+00]
 [-1.41788334e-01]
 [ 4.06089604e-01]
 [ 8.45574141e-01]
 [ 1.55397326e-01]
 [ 1.40366304e+00]
 [-1.31736243e+00]
 [-3.35009307e-01]
 [-2.10981441e+00]
 [-1.00498629e+00]
 [-3.43975973e+00]
 [-1.73387027e+00]
 [-8.39336812e-01]
 [-6.34075999e-01]
 [ 1.56232178e+00]
 [ 3.07756364e-01]
 [-4.39073896e+00]
 [-3.76809947e-02]
 [-1.10098338e+00]
 [-8.87428448e-02]
 [ 2.43841481e+00]
 [ 1.13388725e-01]
 [-2.71597475e-01]
 [-4.14995342e-01]
 [ 5.24672568e-01]
 [-3.68830085e-01]
 [ 1.39786959e+00]
 [ 3.24527323e-01]
 [-3.47882152e+00]
 [-1.34649551e+00]
 [-4.69454241e+00]
 [ 3.73524332e+00]
 [-1.23876639e-01]
 [ 1.46025217e+00]
 [ 9.13148560e-03]
 [ 5.76512158e-01]
 [ 4.89464372e-01]
 [-2.13603520e+00]
 [ 2.72474265e+00]
 [-6.05681360e-01]
 [ 2.73402238e+00]
 [ 1.52524185e+00]
 [-2.30885768e+00]
 [-1.50622958e-02]
 [ 6.32852554e-01]
 [-1.16372240e+00]
 [ 2.64686275e+00]
 [-4.49029982e-01]
 [ 2.65229011e+00]
 [-1.53452912e-02]
 [-1.39888227e-01]
 [ 3.84870857e-01]
 [ 2.40812808e-01]
 [ 2.69389488e-02]
 [ 1.48516369e+00]
 [-1.08161902e+00]
 [ 5.41705728e-01]
 [-7.93357611e-01]
 [-1.10992467e+00]
 [ 1.30513743e-01]
 [ 6.63938597e-02]
 [ 2.04201460e+00]
 [-4.56157774e-01]
 [ 1.35812943e-03]
 [-2.63336039e+00]
 [-9.38010402e-03]
 [ 4.08017099e-01]
 [ 2.55258298e+00]
 [ 2.97954631e+00]
 [ 2.72949785e-01]
 [-3.33881950e+00]
 [-4.21227157e-01]
 [-1.36341357e+00]
 [-1.45811578e-02]
 [ 9.20011282e-01]
 [ 1.26048565e-01]
 [ 1.02474608e-01]
 [-2.15134025e+00]
 [-4.09815401e-01]
 [ 3.77224654e-01]
 [ 7.35856295e-02]
 [ 4.42471236e-01]
 [ 3.31460088e-01]
 [-1.46274233e+00]
 [-2.91948169e-01]
 [-8.44672143e-01]
 [ 2.00327218e-01]
 [ 8.40471983e-01]
 [ 1.99035656e+00]
 [-2.81956673e+00]
 [ 1.25815630e+00]
 [-7.63633251e-01]
 [-1.98818350e+00]
 [-8.17155957e-01]
 [ 1.24863654e-01]
 [-6.91689253e-01]
 [-2.40652251e+00]]

Layer 4:
[0.20395622]



Entrenamiento 3:
------------------------------------------------------------------------

Layer 0:
[[ 0.          0.          0.         ...  0.          0.1259694
   0.        ]
 [ 0.0111196   0.         -0.07730069 ...  0.          0.
  -0.02546686]
 [-0.06885014 -0.02890131  0.         ... -0.04331749  0.0628354
   0.08622164]
 ...
 [-0.04717151  0.          0.         ...  0.          0.00595135
  -0.00914874]
 [ 0.         -0.08514666 -0.0244992  ...  0.          0.
   0.        ]
 [ 0.02290889  0.02679003  0.         ...  0.02231844 -0.12104519
   0.        ]]

Layer 1:
[[ 0.00064583 -0.01861708 -0.03666219  0.00928062 -0.05478794 -0.06528799
   0.03335992  0.02145567  0.02937338 -0.02075724 -0.05494631 -0.03220208
   0.04596144 -0.02724978 -0.04045607 -0.11704695 -0.03185935 -0.05587648
  -0.14690776 -0.02606251 -0.11035265 -0.0368814  -0.05794165  0.02056258
   0.08106801 -0.11283772 -0.0201096  -0.14658698 -0.0730104  -0.06491859
   0.0394833  -0.00463297 -0.04152845 -0.02228456  0.01856658 -0.04509058
   0.04379786  0.14709094  0.05991289 -0.04234445 -0.00973641  0.00339768
   0.07252678  0.03536883  0.04379962 -0.02044377 -0.1765238  -0.05758633
   0.02791723  0.03504628 -0.2065221   0.01241908  0.08572451 -0.05603988
  -0.07589025  0.12765758  0.09425823  0.01089754 -0.04826437  0.06325573
  -0.03596757 -0.11621081 -0.16401643 -0.06121937  0.00359766  0.04766364
   0.10608287 -0.03803707 -0.04540706  0.09102745  0.0137974   0.04399621
  -0.03888187 -0.00908919  0.04308454 -0.01950479  0.05203365 -0.06923696
   0.09550837 -0.09005343 -0.00374228 -0.03505327 -0.07183167  0.04615679
  -0.0900355  -0.08978112 -0.00739176  0.09702335 -0.06423413  0.03148258
   0.03948447  0.00986254 -0.01453283  0.04038033  0.03052769 -0.01163506
   0.05754639 -0.04335695  0.07870365 -0.00716898]]

Layer 2:
[0. 0. 0. 0. 0. 0. 0. 0. 0. 0. 0. 0. 0. 0. 0. 0. 0. 0. 0. 0. 0. 0. 0. 0.
 0. 0. 0. 0. 0. 0. 0. 0. 0. 0. 0. 0. 0. 0. 0. 0. 0. 0. 0. 0. 0. 0. 0. 0.
 0. 0. 0. 0. 0. 0. 0. 0. 0. 0. 0. 0. 0. 0. 0. 0. 0. 0. 0. 0. 0. 0. 0. 0.
 0. 0. 0. 0. 0. 0. 0. 0. 0. 0. 0. 0. 0. 0. 0. 0. 0. 0. 0. 0. 0. 0. 0. 0.
 0. 0. 0. 0.]

Layer 3:
[[-0.92377776]
 [-2.1641965 ]
 [-1.670956  ]
 [ 5.05268   ]
 [ 0.11538772]
 [ 1.2316864 ]
 [ 0.49705467]
 [ 0.5527375 ]
 [ 1.836002  ]
 [-1.4749596 ]
 [-0.434253  ]
 [-2.6565459 ]
 [-1.6955298 ]
 [-3.9761171 ]
 [-1.5003402 ]
 [-1.2362196 ]
 [-0.7298625 ]
 [ 1.8303562 ]
 [ 0.11047111]
 [-6.090048  ]
 [-0.37103266]
 [-0.97306824]
 [ 0.640392  ]
 [ 3.6471345 ]
 [ 0.37422588]
 [-0.68452734]
 [-0.8670758 ]
 [ 0.3593    ]
 [-0.20285685]
 [ 1.8277384 ]
 [-0.16389924]
 [-5.394899  ]
 [-0.67858404]
 [-6.530754  ]
 [ 6.5585427 ]
 [ 0.2699793 ]
 [ 1.0311663 ]
 [ 0.6101942 ]
 [-0.3142732 ]
 [ 0.45729962]
 [-3.3143508 ]
 [ 3.7620575 ]
 [-1.8253295 ]
 [ 2.9276314 ]
 [ 1.6647089 ]
 [-3.900054  ]
 [-0.5669584 ]
 [ 2.2573612 ]
 [-0.9967117 ]
 [ 2.9092054 ]
 [-1.169078  ]
 [ 4.4944706 ]
 [ 0.13265207]
 [ 0.31401196]
 [ 0.8734193 ]
 [ 0.7492816 ]
 [ 0.3021455 ]
 [ 2.361813  ]
 [-0.5485135 ]
 [ 0.17890005]
 [-0.50292784]
 [-0.9876672 ]
 [-0.52432203]
 [ 0.20792198]
 [ 3.3955753 ]
 [-0.40470177]
 [-0.05615569]
 [-2.8918405 ]
 [ 0.74398214]
 [ 0.6897627 ]
 [ 3.7233567 ]
 [ 2.4848866 ]
 [-0.03647628]
 [-5.3772516 ]
 [-0.6810539 ]
 [-1.6674113 ]
 [-0.55746305]
 [ 0.9202331 ]
 [-0.02077374]
 [-0.2190248 ]
 [-3.2880962 ]
 [-0.4373035 ]
 [ 1.0589029 ]
 [-0.57486695]
 [ 1.1461599 ]
 [ 0.6579498 ]
 [-2.1449704 ]
 [-0.08277877]
 [-0.13596262]
 [ 0.48436835]
 [ 0.5987014 ]
 [ 2.8803964 ]
 [-4.839801  ]
 [ 0.68954384]
 [-0.43991706]
 [-3.173214  ]
 [-1.5492427 ]
 [ 0.6796407 ]
 [-0.8249044 ]
 [-3.200278  ]]

Layer 4:
[-0.03217176]



Consenso 3:
------------------------------------------------------------------------

Layer 0:
[[ 0.          0.          0.         ...  0.          0.1259694
   0.        ]
 [ 0.0111196   0.         -0.07730069 ...  0.          0.
  -0.02546686]
 [-0.06885014 -0.02890131  0.         ... -0.04331749  0.0628354
   0.08622164]
 ...
 [-0.04717151  0.          0.         ...  0.          0.00595135
  -0.00914874]
 [ 0.         -0.08514666 -0.0244992  ...  0.          0.
   0.        ]
 [ 0.02290889  0.02679003  0.         ...  0.02231844 -0.12104519
   0.        ]]

Layer 1:
[[ 0.00064583 -0.01861708 -0.03666219  0.00928062 -0.05478794 -0.06528799
   0.03335992  0.02145567  0.02937338 -0.02075724 -0.05494631 -0.03220208
   0.04596144 -0.02724978 -0.04045607 -0.11704695 -0.03185935 -0.05587648
  -0.14690776 -0.02606251 -0.11035265 -0.0368814  -0.05794165  0.02056258
   0.08106801 -0.11283772 -0.0201096  -0.14658698 -0.0730104  -0.06491859
   0.0394833  -0.00463297 -0.04152845 -0.02228456  0.01856658 -0.04509058
   0.04379786  0.14709094  0.05991289 -0.04234445 -0.00973641  0.00339768
   0.07252678  0.03536883  0.04379962 -0.02044377 -0.1765238  -0.05758633
   0.02791723  0.03504628 -0.2065221   0.01241908  0.08572451 -0.05603988
  -0.07589025  0.12765758  0.09425823  0.01089754 -0.04826437  0.06325573
  -0.03596757 -0.11621081 -0.16401643 -0.06121937  0.00359766  0.04766364
   0.10608287 -0.03803707 -0.04540706  0.09102745  0.0137974   0.04399621
  -0.03888187 -0.00908919  0.04308454 -0.01950479  0.05203365 -0.06923696
   0.09550837 -0.09005343 -0.00374228 -0.03505327 -0.07183167  0.04615679
  -0.0900355  -0.08978112 -0.00739176  0.09702335 -0.06423413  0.03148258
   0.03948447  0.00986254 -0.01453283  0.04038033  0.03052769 -0.01163506
   0.05754639 -0.04335695  0.07870365 -0.00716898]]

Layer 2:
[0. 0. 0. 0. 0. 0. 0. 0. 0. 0. 0. 0. 0. 0. 0. 0. 0. 0. 0. 0. 0. 0. 0. 0.
 0. 0. 0. 0. 0. 0. 0. 0. 0. 0. 0. 0. 0. 0. 0. 0. 0. 0. 0. 0. 0. 0. 0. 0.
 0. 0. 0. 0. 0. 0. 0. 0. 0. 0. 0. 0. 0. 0. 0. 0. 0. 0. 0. 0. 0. 0. 0. 0.
 0. 0. 0. 0. 0. 0. 0. 0. 0. 0. 0. 0. 0. 0. 0. 0. 0. 0. 0. 0. 0. 0. 0. 0.
 0. 0. 0. 0.]

Layer 3:
[[-0.6962131 ]
 [-1.9416363 ]
 [-1.4844602 ]
 [ 4.0798817 ]
 [-0.01853142]
 [ 0.86645776]
 [ 0.59652835]
 [ 0.3772133 ]
 [ 1.5381929 ]
 [-1.4727918 ]
 [-0.39494404]
 [-1.9711032 ]
 [-1.3522922 ]
 [-3.5577075 ]
 [-1.5395983 ]
 [-1.0052916 ]
 [-0.6825644 ]
 [ 1.6669304 ]
 [ 0.21650472]
 [-4.695267  ]
 [-0.1882146 ]
 [-0.9178085 ]
 [ 0.35313994]
 [ 2.8782725 ]
 [ 0.25938168]
 [-0.48627412]
 [-0.74061716]
 [ 0.44612968]
 [-0.32352066]
 [ 1.5814916 ]
 [ 0.0484112 ]
 [-4.477862  ]
 [-0.9244897 ]
 [-5.2251954 ]
 [ 4.830086  ]
 [ 0.05066321]
 [ 1.1427419 ]
 [ 0.26490405]
 [ 0.17423715]
 [ 0.49944985]
 [-2.9270773 ]
 [ 3.3258345 ]
 [-1.1746539 ]
 [ 2.5874038 ]
 [ 1.4504519 ]
 [-3.1409423 ]
 [-0.24901971]
 [ 1.3064873 ]
 [-1.0871993 ]
 [ 2.6226528 ]
 [-0.70977336]
 [ 3.3856688 ]
 [ 0.0914986 ]
 [ 0.14818637]
 [ 0.6500201 ]
 [ 0.47794017]
 [ 0.18165399]
 [ 2.0120795 ]
 [-0.6480199 ]
 [ 0.4279276 ]
 [-0.6147451 ]
 [-1.0560266 ]
 [-0.13132064]
 [ 0.12414413]
 [ 2.819148  ]
 [-0.37234563]
 [-0.02264231]
 [-2.4399843 ]
 [ 0.38553065]
 [ 0.55909103]
 [ 3.1329622 ]
 [ 2.407664  ]
 [ 0.08236998]
 [-4.517439  ]
 [-0.4774942 ]
 [-1.5280132 ]
 [-0.39051253]
 [ 0.88724494]
 [ 0.06512231]
 [-0.10018022]
 [-2.8506    ]
 [-0.44696307]
 [ 0.74346036]
 [-0.3796713 ]
 [ 0.9009479 ]
 [ 0.4897839 ]
 [-1.9377275 ]
 [-0.15191513]
 [-0.47443783]
 [ 0.357984  ]
 [ 0.56227326]
 [ 2.5434983 ]
 [-3.8788908 ]
 [ 0.9222343 ]
 [-0.5673406 ]
 [-2.7416666 ]
 [-1.1726296 ]
 [ 0.4012139 ]
 [-0.74179333]
 [-3.2104394 ]]

Layer 4:
[0.15640336]



Entrenamiento 4:
------------------------------------------------------------------------

Layer 0:
[[ 0.          0.          0.         ...  0.          0.1259694
   0.        ]
 [ 0.0111196   0.         -0.07730069 ...  0.          0.
  -0.02546686]
 [-0.06885014 -0.02890131  0.         ... -0.04331749  0.0628354
   0.08622164]
 ...
 [-0.04717151  0.          0.         ...  0.          0.00595135
  -0.00914874]
 [ 0.         -0.08514666 -0.0244992  ...  0.          0.
   0.        ]
 [ 0.02290889  0.02679003  0.         ...  0.02231844 -0.12104519
   0.        ]]

Layer 1:
[[ 0.00064583 -0.01861708 -0.03666219  0.00928062 -0.05478794 -0.06528799
   0.03335992  0.02145567  0.02937338 -0.02075724 -0.05494631 -0.03220208
   0.04596144 -0.02724978 -0.04045607 -0.11704695 -0.03185935 -0.05587648
  -0.14690776 -0.02606251 -0.11035265 -0.0368814  -0.05794165  0.02056258
   0.08106801 -0.11283772 -0.0201096  -0.14658698 -0.0730104  -0.06491859
   0.0394833  -0.00463297 -0.04152845 -0.02228456  0.01856658 -0.04509058
   0.04379786  0.14709094  0.05991289 -0.04234445 -0.00973641  0.00339768
   0.07252678  0.03536883  0.04379962 -0.02044377 -0.1765238  -0.05758633
   0.02791723  0.03504628 -0.2065221   0.01241908  0.08572451 -0.05603988
  -0.07589025  0.12765758  0.09425823  0.01089754 -0.04826437  0.06325573
  -0.03596757 -0.11621081 -0.16401643 -0.06121937  0.00359766  0.04766364
   0.10608287 -0.03803707 -0.04540706  0.09102745  0.0137974   0.04399621
  -0.03888187 -0.00908919  0.04308454 -0.01950479  0.05203365 -0.06923696
   0.09550837 -0.09005343 -0.00374228 -0.03505327 -0.07183167  0.04615679
  -0.0900355  -0.08978112 -0.00739176  0.09702335 -0.06423413  0.03148258
   0.03948447  0.00986254 -0.01453283  0.04038033  0.03052769 -0.01163506
   0.05754639 -0.04335695  0.07870365 -0.00716898]]

Layer 2:
[0. 0. 0. 0. 0. 0. 0. 0. 0. 0. 0. 0. 0. 0. 0. 0. 0. 0. 0. 0. 0. 0. 0. 0.
 0. 0. 0. 0. 0. 0. 0. 0. 0. 0. 0. 0. 0. 0. 0. 0. 0. 0. 0. 0. 0. 0. 0. 0.
 0. 0. 0. 0. 0. 0. 0. 0. 0. 0. 0. 0. 0. 0. 0. 0. 0. 0. 0. 0. 0. 0. 0. 0.
 0. 0. 0. 0. 0. 0. 0. 0. 0. 0. 0. 0. 0. 0. 0. 0. 0. 0. 0. 0. 0. 0. 0. 0.
 0. 0. 0. 0.]

Layer 3:
[[-1.188031  ]
 [-2.6654508 ]
 [-1.5388802 ]
 [ 6.1138105 ]
 [ 0.18421619]
 [ 1.5371592 ]
 [ 0.22666207]
 [ 0.61892915]
 [ 1.825319  ]
 [-1.6127822 ]
 [-0.4174229 ]
 [-2.2565775 ]
 [-1.8965563 ]
 [-3.9943075 ]
 [-1.2613058 ]
 [-1.3231491 ]
 [-0.7193811 ]
 [ 1.8447108 ]
 [-0.01728678]
 [-6.0731335 ]
 [-0.4115738 ]
 [-0.6921508 ]
 [ 0.9743596 ]
 [ 3.9786627 ]
 [ 0.46683738]
 [-0.755816  ]
 [-1.1003382 ]
 [ 0.2129065 ]
 [-0.257378  ]
 [ 1.8286095 ]
 [-0.37562826]
 [-6.326099  ]
 [-0.34157673]
 [-6.8095636 ]
 [ 7.345982  ]
 [ 0.3229475 ]
 [ 0.6751387 ]
 [ 0.57944065]
 [-0.51415145]
 [ 0.61489326]
 [-4.033272  ]
 [ 4.3368187 ]
 [-1.9996128 ]
 [ 2.567271  ]
 [ 1.4328506 ]
 [-4.5610805 ]
 [-0.61638445]
 [ 2.5248404 ]
 [-1.0054822 ]
 [ 2.787461  ]
 [-1.0132948 ]
 [ 5.1565337 ]
 [ 0.2306723 ]
 [ 0.57668275]
 [ 0.9883359 ]
 [ 0.7854242 ]
 [ 0.38786206]
 [ 2.795259  ]
 [-0.04998079]
 [ 0.26545247]
 [-0.30605036]
 [-1.0476165 ]
 [-0.4452953 ]
 [ 0.23214632]
 [ 4.0893073 ]
 [-0.32429984]
 [ 0.01354673]
 [-2.4443214 ]
 [ 0.97616714]
 [ 0.7588561 ]
 [ 4.245555  ]
 [ 1.7823863 ]
 [-0.08542865]
 [-6.518859  ]
 [-0.5984845 ]
 [-1.680339  ]
 [-0.87556875]
 [ 0.855351  ]
 [ 0.03626447]
 [-0.35771012]
 [-3.8328178 ]
 [-0.4380877 ]
 [ 1.2137704 ]
 [-1.0401931 ]
 [ 1.4461986 ]
 [ 0.64215314]
 [-2.6098943 ]
 [ 0.0585808 ]
 [ 0.07969109]
 [ 0.4927446 ]
 [ 0.23829833]
 [ 3.3564308 ]
 [-5.730108  ]
 [ 0.40177786]
 [-0.3842593 ]
 [-3.816524  ]
 [-1.6301268 ]
 [ 0.8392731 ]
 [-0.7793267 ]
 [-4.0105047 ]]

Layer 4:
[-0.03006954]



Consenso 4:
------------------------------------------------------------------------

Layer 0:
[[ 0.          0.          0.         ...  0.          0.1259694
   0.        ]
 [ 0.0111196   0.         -0.07730069 ...  0.          0.
  -0.02546686]
 [-0.06885014 -0.02890131  0.         ... -0.04331749  0.0628354
   0.08622164]
 ...
 [-0.04717151  0.          0.         ...  0.          0.00595135
  -0.00914874]
 [ 0.         -0.08514666 -0.0244992  ...  0.          0.
   0.        ]
 [ 0.02290889  0.02679003  0.         ...  0.02231844 -0.12104519
   0.        ]]

Layer 1:
[[ 0.00064583 -0.01861708 -0.03666219  0.00928062 -0.05478794 -0.06528799
   0.03335992  0.02145567  0.02937338 -0.02075724 -0.05494631 -0.03220208
   0.04596144 -0.02724978 -0.04045607 -0.11704695 -0.03185935 -0.05587648
  -0.14690776 -0.02606251 -0.11035265 -0.0368814  -0.05794165  0.02056258
   0.08106801 -0.11283772 -0.0201096  -0.14658698 -0.0730104  -0.06491859
   0.0394833  -0.00463297 -0.04152845 -0.02228456  0.01856658 -0.04509058
   0.04379786  0.14709094  0.05991289 -0.04234445 -0.00973641  0.00339768
   0.07252678  0.03536883  0.04379962 -0.02044377 -0.1765238  -0.05758633
   0.02791723  0.03504628 -0.2065221   0.01241908  0.08572451 -0.05603988
  -0.07589025  0.12765758  0.09425823  0.01089754 -0.04826437  0.06325573
  -0.03596757 -0.11621081 -0.16401643 -0.06121937  0.00359766  0.04766364
   0.10608287 -0.03803707 -0.04540706  0.09102745  0.0137974   0.04399621
  -0.03888187 -0.00908919  0.04308454 -0.01950479  0.05203365 -0.06923696
   0.09550837 -0.09005343 -0.00374228 -0.03505327 -0.07183167  0.04615679
  -0.0900355  -0.08978112 -0.00739176  0.09702335 -0.06423413  0.03148258
   0.03948447  0.00986254 -0.01453283  0.04038033  0.03052769 -0.01163506
   0.05754639 -0.04335695  0.07870365 -0.00716898]]

Layer 2:
[0. 0. 0. 0. 0. 0. 0. 0. 0. 0. 0. 0. 0. 0. 0. 0. 0. 0. 0. 0. 0. 0. 0. 0.
 0. 0. 0. 0. 0. 0. 0. 0. 0. 0. 0. 0. 0. 0. 0. 0. 0. 0. 0. 0. 0. 0. 0. 0.
 0. 0. 0. 0. 0. 0. 0. 0. 0. 0. 0. 0. 0. 0. 0. 0. 0. 0. 0. 0. 0. 0. 0. 0.
 0. 0. 0. 0. 0. 0. 0. 0. 0. 0. 0. 0. 0. 0. 0. 0. 0. 0. 0. 0. 0. 0. 0. 0.
 0. 0. 0. 0.]

Layer 3:
[[-9.63195622e-01]
 [-2.42287755e+00]
 [-1.39364874e+00]
 [ 5.14649487e+00]
 [ 4.52777483e-02]
 [ 1.19142354e+00]
 [ 3.41419160e-01]
 [ 4.81357753e-01]
 [ 1.56063294e+00]
 [-1.61954248e+00]
 [-3.89245063e-01]
 [-1.60311592e+00]
 [-1.56251669e+00]
 [-3.60548019e+00]
 [-1.31784534e+00]
 [-1.13505375e+00]
 [-6.90073729e-01]
 [ 1.68703270e+00]
 [ 8.21975768e-02]
 [-4.73086071e+00]
 [-2.56053567e-01]
 [-6.62584245e-01]
 [ 6.83001339e-01]
 [ 3.25822854e+00]
 [ 3.73306364e-01]
 [-5.79281449e-01]
 [-9.96593833e-01]
 [ 2.94905692e-01]
 [-3.68647784e-01]
 [ 1.61183178e+00]
 [-1.64668858e-01]
 [-5.39915705e+00]
 [-5.94736457e-01]
 [-5.40878344e+00]
 [ 5.66348028e+00]
 [ 1.10527612e-01]
 [ 8.07776630e-01]
 [ 2.75405496e-01]
 [-4.52681817e-02]
 [ 6.33114815e-01]
 [-3.65800691e+00]
 [ 3.93425918e+00]
 [-1.43428206e+00]
 [ 2.29207850e+00]
 [ 1.24295545e+00]
 [-3.81924343e+00]
 [-3.50509197e-01]
 [ 1.71916521e+00]
 [-1.07134330e+00]
 [ 2.53996205e+00]
 [-6.11878216e-01]
 [ 4.10208464e+00]
 [ 1.95223972e-01]
 [ 4.12789017e-01]
 [ 7.77319074e-01]
 [ 5.48153102e-01]
 [ 2.85828710e-01]
 [ 2.49607515e+00]
 [-1.73911542e-01]
 [ 5.01033604e-01]
 [-4.34044152e-01]
 [-1.09738433e+00]
 [-1.01659119e-01]
 [ 1.48442924e-01]
 [ 3.53643417e+00]
 [-2.88098633e-01]
 [ 4.21504602e-02]
 [-1.99902987e+00]
 [ 6.18732631e-01]
 [ 6.48212850e-01]
 [ 3.69031262e+00]
 [ 1.76122367e+00]
 [ 5.21276752e-03]
 [-5.63019323e+00]
 [-4.09471065e-01]
 [-1.55687761e+00]
 [-6.94490731e-01]
 [ 8.20770204e-01]
 [ 1.08721785e-01]
 [-2.56854862e-01]
 [-3.43227959e+00]
 [-4.56778675e-01]
 [ 9.13713515e-01]
 [-8.22946072e-01]
 [ 1.20241535e+00]
 [ 4.88930702e-01]
 [-2.43462920e+00]
 [ 2.99090025e-04]
 [-2.39785522e-01]
 [ 3.98656815e-01]
 [ 2.36971617e-01]
 [ 3.06057954e+00]
 [-4.78933716e+00]
 [ 6.44378006e-01]
 [-4.82057989e-01]
 [-3.41924453e+00]
 [-1.26280749e+00]
 [ 5.72367668e-01]
 [-6.95201218e-01]
 [-4.03561449e+00]]

Layer 4:
[0.04751137]



Entrenamiento 5:
------------------------------------------------------------------------

Layer 0:
[[ 0.          0.          0.         ...  0.          0.1259694
   0.        ]
 [ 0.0111196   0.         -0.07730069 ...  0.          0.
  -0.02546686]
 [-0.06885014 -0.02890131  0.         ... -0.04331749  0.0628354
   0.08622164]
 ...
 [-0.04717151  0.          0.         ...  0.          0.00595135
  -0.00914874]
 [ 0.         -0.08514666 -0.0244992  ...  0.          0.
   0.        ]
 [ 0.02290889  0.02679003  0.         ...  0.02231844 -0.12104519
   0.        ]]

Layer 1:
[[ 0.00064583 -0.01861708 -0.03666219  0.00928062 -0.05478794 -0.06528799
   0.03335992  0.02145567  0.02937338 -0.02075724 -0.05494631 -0.03220208
   0.04596144 -0.02724978 -0.04045607 -0.11704695 -0.03185935 -0.05587648
  -0.14690776 -0.02606251 -0.11035265 -0.0368814  -0.05794165  0.02056258
   0.08106801 -0.11283772 -0.0201096  -0.14658698 -0.0730104  -0.06491859
